27980
15013
13414
5804
7735
13057
10712
19345
9272
27851
2904
24220
30199
24512
22847
25619
23558
5310
29518
10856
5374
27180
869
23914
608
9925
31244
12966
22153
20103
15794
5452
16354
19213
24920
26935
19355
21811
4836
14726
16227
12584
29461
1817
3298
30661
20102
29692
20183
1949
3592
24483
26381
17895
32636
32187
17267
30450
2661
9391
12110
19
11044
31193
28481
28430
21439
32280
7601
29779
18644
32464
17723
28018
9391
13739
4391
22126
30200
13382
1294
11159
3185
2780
8978
13882
25076
11136
11580
23414
15919
8567
18055
7458
25878
21560
21643
16709
13964
19254
