31620
27926
31550
31291
4687
23330
17623
11917
961
9995
25066
265
18924
26567
25892
30052
16729
27774
26445
19169
14801
26283
13946
9526
15444
21108
5444
21615
4776
9293
27796
14992
7721
29190
3370
28108
3136
32140
18355
23019
8641
20475
11926
21327
5182
7908
21722
27126
17172
30091
19845
3734
20014
2779
2267
15543
27551
27586
14191
6865
15379
13382
13171
3886
22639
2941
25896
28229
16238
30232
30426
6944
7668
15482
7147
10852
23101
4368
30500
927
5628
6071
16545
15342
24826
29761
8344
7809
17525
5244
11207
23345
12955
6501
22385
22907
17925
17296
20299
4085
16806
20629
15083
18824
23564
14117
2552
10519
21916
4800
21300
5937
13262
15548
8899
20884
28432
17019
16860
2171
26251
32622
21115
20235
5457
10316
22889
17568
11925
22157
27414
13806
24623
19476
126
4029
27210
18922
24956
29052
16793
17794
10940
29170
5246
9131
24914
31900
2301
21882
2543
23120
673
25410
12005
29197
26959
29492
1997
27761
11824
7298
20213
23057
20479
3899
2591
11875
10580
32326
29250
31127
18973
2279
14844
8754
18689
7579
922
7806
13183
32257
15528
24415
10232
23243
3012
19012
31478
25963
31174
32065
22036
28584
9647
10093
1556
15230
30020
29984
11825
22975
25720
12065
27028
8052
16123
9630
22307
24065
17654
6518
17717
21073
29992
15854
6638
30653
20763
6678
19725
24150
8628
2137
24775
19126
9895
18937
10965
21791
4416
23316
11896
4873
29329
15262
21699
30333
26279
409
8012
22358
1606
1436
31907
28811
30325
12696
19560
1314
7890
18274
7829
8840
17047
2312
3956
23466
5169
29932
670
32435
24803
837
28764
32416
2774
17168
589
12751
18456
30725
24276
23374
12547
32225
5386
29892
17565
29568
12742
26526
29004
2233
20421
18445
5691
8666
15834
29463
14331
7438
9998
17495
31726
854
21806
1238
12654
26770
30280
14958
15777
29237
13337
6518
15944
6253
21629
12348
21295
1692
12031
17470
31019
8858
23919
26884
15128
18091
21896
7562
255
14409
6520
18491
28345
26286
23283
14020
8661
24253
31349
26764
817
21317
2975
6769
12246
23252
21473
31982
17494
7143
6826
19861
6949
30051
1515
12068
17082
5437
1157
1585
16506
21017
6948
32379
29668
9286
4149
9606
7759
32557
9779
6419
31764
14485
24257
6216
17066
18266
13531
18846
17918
29767
32646
3582
28824
14061
16390
2819
17951
20266
10740
1073
25438
24829
8484
1511
19818
12274
4256
10433
22030
28449
5639
32214
15977
13911
17277
2435
17486
5644
19342
435
14663
11549
5252
10242
29820
13077
20593
604
15795
24223
21086
24391
26419
176
21529
30812
2552
15200
24890
31655
27837
10300
9362
7436
8785
16840
24635
31663
30834
16635
28850
28975
25943
25506
22584
6033
27418
10653
23364
28043
799
11526
10136
10534
20991
25402
11911
18805
30298
23054
30464
32170
30194
2445
22188
22121
21378
13806
17798
3629
27362
17224
27153
20827
26551
30761
2507
16243
18894
5954
16722
8049
1287
19397
14510
26334
20326
29489
28960
12453
17037
3769
20625
8893
22652
24765
25754
4542
5207
2930
7402
32550
15334
12884
17868
12801
13295
18258
12458
14462
473
31512
11732
29969
31621
13504
1464
6687
16870
11382
21595
29114
10889
16076
24905
11902
3452
7886
1454
16680
24008
6664
17288
24813
9126
10854
15029
2974
31710
18919
4062
24116
27997
15125
10558
29472
3972
16892
21846
13753
21103
10202
13431
17236
7434
17685
947
1745
15768
7493
17638
11269
19245
10375
1349
12578
2082
7538
20632
30530
19642
26506
28382
1569
5923
12647
15248
4240
32390
15722
12726
18789
14290
960
28299
9725
12424
20558
26349
30474
22769
29433
29127
32673
27356
13341
607
20568
5289
14411
5283
125
25683
12362
29806
7892
11561
15670
25248
12243
7270
12257
14717
26640
14034
26826
26244
15084
3431
13246
22655
20457
9874
5036
13738
24071
16799
27801
24256
23946
17679
4200
17863
23023
14320
11575
13300
6749
9578
583
15806
25265
11238
25840
9749
27732
12378
13572
27218
30180
10265
18061
4100
20658
4901
10581
10679
944
25386
30867
17066
20255
11696
17655
30145
32295
26405
29271
26104
22723
3568
24941
3354
30270
13104
18817
2346
27854
31151
1674
29475
18377
11976
7972
9073
1516
32042
2584
31956
2737
18321
23004
20225
7627
20647
19405
18864
27260
12032
26754
24448
30756
10597
17275
104
20128
8187
14416
27044
19610
19368
11168
13435
5467
12689
23157
31010
25235
23349
7423
28964
6357
26946
9640
23672
30494
5756
18637
10963
24326
17680
21854
15563
26784
14858
16944
11053
23275
21644
3377
26432
21973
14634
20056
6784
3008
13414
21845
25103
28541
21825
28448
28570
6342
15317
19840
18875
26212
29562
30203
25563
6350
10086
17708
10800
4142
3988
3265
11078
23463
21550
21987
28886
4689
21700
15120
22777
31208
9984
4341
795
9661
30883
13026
19296
15996
5473
14713
24128
1968
24473
3810
15361
8364
17653
1591
14309
31249
10779
31446
18307
3745
9329
18391
9242
29330
7733
18317
18241
15687
22998
14940
14322
15844
31513
31818
2808
23903
11439
29736
10044
3153
23293
27290
31811
19612
22946
26113
2801
8981
29147
4433
14374
7531
11608
14634
15822
16979
1571
3135
22268
24573
5387
19975
22430
3020
18817
29594
12046
25903
4861
18087
8041
22383
45
24329
27754
23335
3999
20158
28976
24378
12310
14929
17092
7366
24451
25316
11878
1834
7880
5164
8838
22516
8769
6587
25740
22401
11959
8591
28748
22689
25259
7608
22109
10370
13975
6137
12866
23749
16018
9669
18274
8303
2901
12047
24205
19958
29975
69
3202
53
14186
22995
28448
27520
26522
25390
11484
31448
19660
11421
10762
13761
16245
20768
18652
6175
20407
9937
1205
10606
6794
11056
2809
3651
5977
32140
6057
10945
7632
29241
21042
11105
10543
32745
23624
12083
7075
12578
32319
11360
2357
14118
25726
11096
22182
22601
18452
25270
14756
1574
27964
11691
28915
707
6722
2336
22983
25048
1475
7898
12175
10259
18551
22675
15444
25517
5543
24888
28930
644
17620
3521
7906
10378
17663
28671
11263
14555
26875
21448
9186
381
22547
5979
3583
13361
19630
24488
26114
22315
32256
29441
26995
22864
27339
32083
8615
4796
9850
23626
15972
27287
11200
1973
16295
14456
27760
21991
30441
28685
10688
12488
15232
2755
22733
19986
14296
7800
9976
14222
8652
30559
10447
27731
26144
32448
16341
25587
12846
18065
10068
15413
101
10423
11665
11577
18560
9401
7454
31215
28579
4390
11596
7967
25069
25637
32221
2324
17268
14629
28568
4730
16763
5111
30780
789
7656
3947
5773
23515
12392
8255
12149
29888
12602
1077
23926
14077
20933
31747
366
31895
29898
8280
12406
26839
7627
10460
21240
13797
10858
25788
10475
1305
2435
10209
21495
17486
11702
21114
5459
7283
27767
6397
18136
12239
1949
307
23626
20190
31840
8891
18404
28001
7372
16249
19706
31404
29494
584
6007
22609
20396
28520
17354
15988
27352
18836
21451
26898
29813
1301
28653
405
10944
28223
15669
16432
20665
17475
26776
1395
28574
7293
5412
10082
14986
27437
31033
13980
5683
16521
5893
32375
3333
7086
2610
7942
7603
28785
14523
23335
32734
1702
7700
393
2559
3389
22871
13050
4290
25956
13397
23400
15710
15617
17434
20378
25310
4566
6258
17125
32130
2441
20665
21237
31141
24583
14249
25784
13782
8651
22520
13054
5015
28446
30604
14482
7026
1847
22438
9605
32154
13642
17703
23847
21359
21088
25579
30656
5651
25201
14864
4915
11771
5360
17281
30399
17150
2983
11882
24701
1581
5774
27176
6935
8962
1968
22846
8058
21030
6648
2133
10309
27673
6530
27350
15200
15433
12405
4838
4327
31492
29097
14773
22892
575
7571
30093
16696
6630
101
11156
18155
12600
10020
39
14771
16391
13935
30202
18860
1936
9695
11248
28166
31824
15386
30595
29119
23367
22294
5435
3582
16295
9241
5170
6308
24157
19215
330
25424
14080
8879
21247
15685
20440
12737
10327
11310
11151
25592
25687
15481
20572
27212
21704
17361
29372
19456
24166
14951
7042
12686
11352
29149
1032
18603
2755
15190
18266
2010
16484
16021
31737
16177
26404
16198
25868
15327
28740
15859
28731
28558
31124
3908
1177
7049
7225
13878
20341
13351
14019
2444
28493
26767
24957
4876
13860
19272
16032
6257
31120
13580
25065
14450
2828
4519
2763
17615
9502
29511
29882
13397
24086
15551
15612
28829
10061
23173
1007
27295
10479
7167
10684
19295
10203
15247
26659
29903
25645
686
9316
18255
19361
31353
31772
25625
25708
9038
5060
18740
16627
12035
14250
5971
1702
21852
13064
4436
28716
10712
25727
3273
7407
21751
92
16632
12826
1010
11322
27488
17226
29005
10362
7849
16253
30284
14848
8863
5454
25232
7987
4431
5448
31057
26102
18573
23532
11554
19047
31093
11442
10275
25564
13606
5554
12878
27364
25408
18740
7441
26714
13364
25990
28255
25158
10079
28839
5190
18418
4070
4091
28781
10662
1982
5779
16110
9486
25570
20210
19516
12235
24964
30630
21108
28256
11885
17929
15908
27005
15136
31577
11878
26751
2607
17860
7775
15906
20092
28935
21737
11301
26452
31542
13949
28094
10195
14770
12242
13334
24209
17489
31153
31921
8371
6100
10287
258
20876
25250
11657
12214
8635
20302
21055
24273
8499
26830
21270
32029
17890
5710
4644
20225
27539
12377
19208
17277
4744
16556
12313
29494
14784
9802
26249
20368
21611
2647
9872
29335
17614
21810
31044
15563
24902
3199
4248
9961
23972
23562
27611
20266
10297
24099
2959
6890
20877
22434
10214
9711
10017
5540
32136
10378
8650
7946
3470
3362
25596
25292
32486
21918
5718
8848
22801
18291
32240
25547
32594
13995
25611
11832
14668
21660
4087
23779
28074
26759
14994
28278
18523
5199
28718
3904
3026
16890
15126
20503
26323
24248
16678
27767
14352
32348
203
27696
32173
1767
32348
1116
23761
21953
15481
1319
28570
2059
12837
23913
24343
32400
20541
4440
23028
29685
4337
29662
16972
16785
21750
4259
24765
16642
2453
15708
13619
28668
16306
25709
20130
13986
436
1406
20180
28101
31325
10115
19497
24111
12034
22062
7866
3213
13845
26831
7109
31613
43
14807
4397
20935
8409
25066
9683
1301
29655
26181
23868
11427
15303
24774
12678
5862
4879
31228
27234
2062
30009
11349
9125
27730
14960
16245
26050
19332
28838
17113
21119
16423
6800
13965
14643
2815
11033
18435
23335
6471
12333
13382
7010
6105
25697
30724
4029
26377
11230
18203
6258
2768
11915
17464
30723
26390
12980
4770
29790
3106
12372
14228
7843
4173
25288
1059
25803
27141
8593
2124
25869
353
24840
29979
25390
15042
21362
11698
24352
28690
26928
3233
27694
25197
8136
18468
21206
6162
29753
27104
11091
8846
29513
30288
7089
18032
8031
16938
29735
21931
29324
1924
5346
15205
9329
6110
19499
24059
25376
32763
22808
24487
8680
11388
21881
15943
23224
6403
19667
23562
21474
30121
22245
7792
31795
16939
28163
14810
24534
3125
3309
17540
32112
200
30378
16937
16421
29000
21122
7770
18088
6484
31570
30301
30217
4999
8653
16347
4263
30677
26349
31523
31047
27368
22453
2642
26733
29940
30570
10112
30302
23930
20087
10290
8285
4662
14510
19141
27978
13600
9468
23798
16247
15286
26059
10745
20344
4555
20883
23910
12341
14322
19850
19070
17240
6578
18144
16109
24392
5682
23137
20116
4433
8340
9084
23483
28431
82
20560
4429
2876
16857
11821
24380
8577
29520
21135
22133
19244
29286
21622
24952
26901
7140
19921
31783
16455
12656
19822
9179
18216
27375
14106
14315
22869
8688
14164
15582
24559
316
15521
3992
3408
22668
8567
25921
16108
6717
14991
20699
32380
9323
12073
29990
22331
2623
1095
9200
14398
4101
25231
23967
9077
31951
10951
8353
27577
1194
27251
26236
4844
5003
24891
9689
7247
13451
20619
12549
27166
1086
17487
30504
6742
20158
22873
4739
31752
19086
21672
32642
2763
25963
3540
11962
29197
1571
9650
28538
28859
11023
14096
15296
2375
13662
23302
16445
4153
27643
29580
13486
21695
30015
19921
12734
27953
32169
5781
19594
11130
12880
30827
1294
7373
30859
18752
9987
3781
27292
23793
30010
29593
24418
27960
12068
795
10896
9729
20878
32416
24983
14926
31746
15399
28582
9606
22242
15028
11580
113
15280
30904
17627
12966
3474
13240
10134
3123
15852
10937
6182
13043
12122
5783
16897
30624
21323
13784
6379
16494
6726
17481
28972
15257
24657
13507
19283
22626
14505
12424
21642
22374
3869
31140
12208
6895
26465
23499
3727
1006
10075
7045
3256
8616
30563
9725
21448
14488
18199
27136
25360
2359
12744
8077
9023
8196
14963
29158
27261
1061
15603
5034
17387
9058
10039
13736
22422
326
28134
14218
27353
32694
22729
7251
14603
23452
32471
6860
27052
22298
13530
6119
27936
7821
814
79
26576
25985
5235
10571
15668
30946
25260
17907
3301
21974
11702
19228
18829
32424
557
5224
29153
10267
10834
3440
3935
18837
4746
22618
8165
19357
24587
17072
31901
18116
6835
32473
9282
5825
10865
15293
14468
32577
19885
15845
22827
16412
5933
14270
23772
12911
27624
5636
10573
14105
6533
10331
5807
5002
6111
21362
15984
88
18078
25650
23093
2984
32066
14269
31625
7695
9003
12923
30147
3525
23620
8202
5663
28457
6313
10242
17777
8290
21198
11456
6546
6451
12494
18952
12050
29238
523
20580
3744
30244
4841
23438
108
26208
23047
8146
23241
32131
26859
24185
3199
13282
3840
6417
1505
5468
3693
19725
25614
11275
18731
21244
22433
18315
6641
21370
14663
7576
16659
7554
31485
9889
23977
8202
6183
24858
10350
29939
17276
17078
3292
25104
16128
22569
16613
15539
12990
1281
16044
12771
28717
17780
3215
11081
2698
8573
24148
3416
19067
3901
13646
17683
5254
3967
5183
22796
18450
15479
20409
19307
13282
3308
12664
30162
30360
5028
15749
6919
12408
23294
3121
9873
9482
25577
31117
18614
20743
17845
8667
24798
21987
28370
28957
21336
1092
11984
2077
25954
9610
10413
16280
15951
29164
5881
1075
24988
9218
13016
19477
15231
27204
24231
17330
9328
26268
15971
11591
18726
7749
26738
13841
14751
10007
458
17658
14663
4471
19195
27855
23191
16074
4455
17694
4488
15700
6058
23053
12942
17395
14162
11328
26963
2285
9239
10180
30701
9304
22022
28921
9516
15125
32460
21081
4053
16693
10448
3899
11915
26650
20355
19268
7990
28443
891
7633
10215
27245
30765
5628
8722
6915
5257
27002
4036
20832
17645
31437
1540
8601
31897
19739
29071
1803
10878
1898
6521
6411
16130
15109
5966
20638
27067
21009
8453
30823
31526
7508
10874
28088
5492
8056
14781
29892
16900
27029
3416
17358
13753
10059
20857
8739
24841
19851
2042
1720
24387
19054
22253
698
22212
2119
15358
23457
27690
502
23188
27350
12149
18544
30869
19236
26222
118
6493
32680
3581
31987
23162
13821
16869
29423
31785
16294
29158
26189
26535
25529
20320
31629
12129
16998
23857
6141
6212
21934
23436
29711
12537
2084
15904
911
16848
5350
19931
15785
29826
23711
5599
11025
3133
11000
21607
22470
23355
9428
1580
20883
13118
24260
17783
25350
19842
27779
12292
6913
32167
4212
28573
19251
8790
6638
12290
12265
2161
29399
11084
20930
21476
30964
701
28551
21516
32476
21313
3912
24855
22358
31192
10406
22600
10629
31060
6513
277
23700
18641
22685
29349
29808
12947
6669
30447
25730
18011
13679
24553
26604
27637
19990
20400
30296
12596
31865
6340
17184
2989
21900
6912
21189
21415
6100
2247
5461
21450
20653
18680
25667
12051
17427
686
6022
2810
19533
1787
3513
15408
17809
30717
8892
12332
26435
32224
16907
4523
12803
6474
5112
8516
9363
26385
19506
6264
13436
4504
27370
20787
6369
3135
8185
24474
11959
6997
12123
19835
8529
2746
27635
30611
9249
11801
9054
8498
10357
27703
22676
32418
60
5709
29310
22308
16065
10708
26389
16770
25235
25380
191
9111
23037
11103
14776
10347
17667
6658
11026
21988
17041
25726
15664
29199
1407
31345
15949
32416
3304
4897
11238
16438
23842
2896
29097
18644
4259
4072
3151
16615
15712
9626
25792
20985
26497
31617
12338
19403
9247
14750
23592
8209
25297
10974
6967
28723
225
32265
15663
32005
11521
27236
30578
8525
28840
28832
29466
20423
20377
5150
31254
1855
1171
4849
22704
14856
3038
15069
17749
11027
15265
7692
18036
2233
21830
3276
23387
20632
31905
21036
27965
7565
22291
26280
17862
5905
5181
30880
1669
15077
17945
24334
19125
1856
21544
21018
24093
2572
21457
26103
26641
934
14799
5671
11106
791
12591
17793
24886
17783
24637
6343
25433
8030
6015
23365
14372
32302
16452
22656
27322
14300
31213
807
12477
27234
6086
8842
26747
10933
3122
26280
26672
29420
15327
31141
6679
11962
21999
25632
14847
18406
3419
4982
29091
24058
7286
19246
26471
15869
30458
13253
7688
23827
16347
27129
4281
4162
713
8902
19728
8046
14256
16459
15935
17505
4032
17097
28395
13298
1961
16514
29740
12488
24199
9924
14217
10217
21062
4784
7191
30764
28274
15391
15367
7855
16423
26348
25715
24514
4268
23540
14270
19962
13113
10681
30287
2141
25944
11521
25556
7508
9492
8622
23649
16305
14221
12422
2832
25580
24068
11111
16188
6913
7412
876
24912
3632
19025
19083
9310
16461
22353
12344
28203
26322
5494
4933
14096
11595
23564
17069
15481
19827
3532
29350
17273
26406
5708
7013
12808
29384
29765
13874
17801
18679
7846
30750
8965
28898
23633
27225
16802
13901
15705
19516
12046
6983
10500
32603
26580
21190
538
6513
7227
13020
15503
3633
29091
23056
9969
14331
28238
31546
14940
19698
29824
23465
21421
15902
25260
17872
31081
13011
2078
2127
11739
16297
10934
13648
29559
12780
21337
14148
11440
6460
1514
2347
6122
22261
17240
29751
6517
8981
26488
7208
18582
15946
2974
1927
22191
12121
13877
8685
4801
30197
28991
4305
11168
20672
13969
2642
23944
23047
7742
13294
4803
32344
3175
588
8619
7419
20470
31782
25153
16793
19
9701
2902
25038
30044
18096
9694
28157
22750
3070
132
4604
22004
17075
11964
5093
20818
3680
3047
3006
9429
23696
14947
26323
23846
12755
26668
24027
4618
29398
4139
6580
19545
10598
2828
26204
17933
9763
8712
27252
12181
10771
30063
36
25829
14877
6852
23225
31536
14253
26091
27097
21012
29429
21536
12826
7996
22871
1280
2379
17375
6631
27164
4215
10384
11698
20777
3514
30408
1874
17599
8485
13084
16730
18873
20787
16565
21086
27872
9836
19399
12252
23684
7533
1556
21930
24100
12153
31835
27641
24593
18020
6624
29564
4851
14292
32496
6454
27487
1458
17935
14228
1753
12057
21514
295
20679
32293
1530
12633
28129
30274
11492
26702
322
14436
1475
1206
9424
1934
15299
23895
12721
9522
7569
18275
28699
22395
30335
18338
6087
12967
19713
8037
15815
11895
25313
20005
220
14190
24218
32635
15850
28175
17875
16125
10877
19329
23368
31947
12443
27828
17921
5688
17
32732
28967
32191
25735
5818
25603
20892
32022
27135
2253
4019
2706
16176
11435
12143
19515
4661
6157
13054
25836
5907
1967
7391
8279
27612
3648
12461
31398
24503
3145
23464
4298
3335
8858
27920
22229
4885
1164
9973
25399
28074
1653
17813
27486
3733
5838
30768
23534
6958
17480
7076
29517
30333
10571
14893
5705
26882
19283
413
17630
3087
22934
12527
15669
10050
14559
1654
25141
21713
9555
18492
9684
22803
18327
25284
25888
22445
28870
5402
3940
3498
17697
9870
25474
17085
19000
25679
15122
22781
29598
19582
3786
9306
21343
22278
5307
16973
785
4276
20590
4456
31487
16459
14568
10036
32476
15005
22426
4404
8684
15603
18955
17474
9467
9639
18271
258
20931
10298
10554
29486
28640
4382
27893
1782
21846
21205
28477
22636
28358
22164
24344
18420
15723
1580
25801
1049
24223
17529
6019
26372
2274
21059
24819
17105
30520
7836
27554
9575
16051
31634
22190
22995
1394
7821
6054
19087
11108
30555
21625
3169
22733
16655
5080
6282
26712
12646
21007
31593
29581
26996
30842
14705
27468
1111
13240
8030
2977
8301
876
29459
9039
15170
14720
8101
21258
25664
21238
25754
29764
21610
13199
14607
10400
19461
3452
31163
3078
2204
281
18135
9373
23923
27953
30469
11271
14611
13323
6941
22259
7464
23254
18520
14016
14845
13883
6376
19076
18747
1645
12028
27187
2927
32569
7717
12038
29490
1840
12067
31836
13944
9669
20595
26277
2369
19989
26704
13391
23448
13326
13418
29721
16719
30780
30655
24642
22631
2992
30263
20841
29329
11063
32571
13099
10596
475
7397
13789
32669
30270
8092
26206
17078
32501
17949
23355
15058
27158
6440
19835
3679
18766
19370
13158
3966
20413
20171
8149
4645
28445
9313
10037
20191
12486
28884
17054
12591
24458
1047
15015
22703
7070
28460
26001
27557
19292
9925
1778
18852
32370
8495
24376
8896
6019
14206
21418
7044
15659
32071
2283
11419
4620
3674
25869
28175
17224
1436
28589
29878
4856
29931
3986
30382
17384
23826
26960
9122
12676
11210
8524
12700
13686
4019
608
12550
24308
5041
878
27431
10351
19861
15223
14997
20628
28843
4101
270
24303
29590
9341
25195
12208
28826
22230
20127
27932
31165
6129
11297
21979
19442
15872
13648
23454
47
23293
26435
9577
21455
3345
595
28069
12461
28694
22341
7794
8205
3298
5806
6057
7327
16312
26624
200
1924
8046
9629
9749
28019
18630
30689
1970
2870
10767
6360
25387
25006
2324
15130
18115
28804
15103
25086
8366
20784
31825
19035
23475
4993
9977
31396
31296
18160
24320
21950
27449
13994
1054
7316
31824
17529
2079
23813
6344
15840
25848
7016
2977
15820
14798
24112
32126
4352
29315
16426
19808
12951
31931
9826
5162
29540
32373
27328
2217
11519
26239
30509
25384
30181
26573
5592
26974
21331
11500
5129
30805
23430
29899
32700
26261
27022
8987
455
19621
4933
28387
14046
19048
8460
15057
10640
23464
10188
32723
16455
6913
6906
25092
15144
3652
16265
452
18323
15073
25852
3179
32050
1101
10976
292
1877
10315
28956
11396
24910
28149
7960
8739
21435
29999
12427
20886
4197
736
31904
12345
9859
9100
30953
12644
14949
30548
25906
30991
5835
11197
18534
32406
130
11428
5810
23956
28152
29128
16550
1045
15052
25822
26860
8831
25445
16972
12401
5138
26627
19346
12606
6112
9788
29562
32182
28090
6555
23293
29661
1234
5561
30171
7537
11900
6605
32565
7555
22102
23152
11751
23633
3342
25263
4136
28565
27829
14012
3961
8763
29433
5939
15062
23463
27006
193
20616
15270
24656
19633
17113
3945
21509
25859
21216
11755
29466
28987
30529
10816
6521
7216
17068
2025
11255
17005
11727
11837
29267
30519
29418
13948
9806
2896
23725
3781
23255
10529
22546
24577
32403
14276
29033
22729
6786
7560
10304
12306
12054
9518
15817
32404
32143
4054
23476
11855
4068
6585
31915
28596
28543
17588
18961
23579
15708
11644
1111
11031
5851
10047
14453
25223
25709
1098
23668
32439
26300
5303
17386
23352
32171
12773
26936
3998
4377
18840
26701
28874
2977
21270
9414
4161
19299
3292
28578
14241
28641
27536
28573
20857
11551
2292
26809
5277
27697
20699
13950
14114
16594
19184
5405
28482
8221
30416
7279
28517
32363
25603
23545
28416
10510
8619
4342
14232
7119
28944
12163
30417
28008
2283
18541
15451
9645
11083
30706
29429
21659
21663
22616
10114
9834
12844
5200
24127
18696
23459
25604
6432
10761
24131
21071
27623
11794
31515
26943
21682
12672
31852
26322
6012
28078
24672
27103
29784
26820
16468
29878
9389
31960
6597
882
23730
1628
12562
29200
20648
31907
1404
19378
18387
7186
210
11915
32058
7438
9235
11159
26148
19
7068
27956
15581
28616
22825
22276
31009
4848
3804
12499
16111
28261
21686
15808
12181
8612
25031
2330
10816
4987
7524
24060
31394
26120
15930
29162
23385
21718
21750
13266
24821
20762
7977
28281
30118
7305
8620
23338
27293
5580
15550
1270
29232
19353
20180
2900
32060
14540
2200
1087
24839
23746
4703
24199
17577
1560
19563
19572
1685
27440
30749
29539
12833
14541
15588
31568
4387
18180
8426
16477
16404
5903
8713
7862
25473
31756
15869
24199
11675
14494
27175
27761
11401
1764
3685
15476
860
20230
13383
18244
26362
26494
23944
12893
21471
32473
6156
23991
16473
17092
291
28891
4357
4019
2406
19479
9527
24573
8451
31457
4774
4150
382
19319
11881
16659
760
12887
18390
20679
23377
24277
16373
16732
22039
18931
5494
7908
21729
21050
14306
7182
1831
15197
31952
25294
25192
19020
31535
29653
17402
6950
646
25222
28354
11201
26540
923
29405
25490
18870
29664
15315
16150
29524
14291
9244
21814
3417
7768
17757
13264
16978
23071
27900
13242
16309
16484
13722
23995
16121
241
7735
26880
23356
28013
19389
11632
25408
12519
16874
3177
30526
15016
18655
19874
2823
6133
10250
31201
21013
13056
8606
16597
4027
3465
24796
25429
12720
21610
18019
18578
5367
15220
30566
2292
8206
21324
23109
5627
27003
21016
517
22220
3340
20687
32379
29214
19432
15099
30836
25282
21455
2507
9313
9634
31795
10653
11211
17796
13087
27502
17547
9292
9513
24052
28358
11369
17307
19677
4715
22236
15777
21033
8195
28621
11519
29536
23520
10665
13430
34
22022
17520
25495
884
22905
15591
9603
4621
12709
32679
19364
7486
31666
772
11163
7570
6720
9406
2912
2907
15309
27288
25731
8335
19859
15562
16527
11027
18711
23199
20287
31128
15059
8341
27925
17526
22264
3618
31813
20600
11850
11385
29789
24959
12858
12547
230
20292
10049
29739
21719
10874
19726
32224
15319
25808
14358
22761
26019
22399
1065
31252
2334
16628
4872
14113
10774
19609
6992
23651
5372
2864
20928
12886
23406
26066
29684
24624
7345
23531
30396
31059
27010
6173
17033
2535
27706
4473
30110
2495
7507
24362
32041
16878
12700
17791
25545
24529
14887
9167
8274
3834
3392
16147
5570
18541
9010
23684
10176
30770
14710
16417
4442
92
25541
15992
24159
541
1364
9568
883
11830
9159
32389
8269
29499
22372
2073
26653
29808
5906
18693
8973
20596
11784
14912
1483
7319
13172
24485
26412
10133
18641
23789
9745
17898
11226
9805
25147
11775
24285
15328
17593
5631
14756
24472
16059
4271
8960
30857
11203
16784
29947
11893
14884
25561
3705
25585
783
5488
14079
30262
29386
20473
12862
21444
13210
24653
15149
24175
5180
16849
20268
9599
26179
1542
10701
8051
31746
10979
22509
22277
12619
22364
12218
4668
18155
19342
5609
11597
14596
29011
13905
20663
18719
13205
16473
27718
9081
12721
9869
10916
21211
29102
1647
12992
8455
12078
5343
5759
16616
25311
16060
19108
32688
7235
5548
5322
4612
32377
4451
14278
31670
4685
9826
5724
16233
25756
3682
31423
24510
546
11805
4947
20882
7029
25237
31495
16455
21161
10444
14478
19820
4141
21293
25089
19791
16024
12830
2914
7612
20882
4156
9302
21965
23049
19241
17627
14682
31532
21235
7208
25407
3335
498
3760
6937
17391
13824
29221
8577
29609
836
11773
26921
22887
6579
32502
959
18847
2522
9115
22964
2270
17442
23737
9912
12516
2829
23437
24854
9758
12086
22036
24578
30711
8653
27844
23136
6932
5643
27909
14742
24617
27288
19003
7502
17853
10815
26972
23702
10108
435
19615
11375
29460
27742
21148
16415
1966
29364
22794
21596
2248
22102
24480
19426
39
14779
31867
3796
16902
22599
16505
29340
13916
31314
24601
16666
19459
4635
29116
16320
5756
30421
24872
10425
14104
12682
2866
20041
21133
17876
11314
13034
28890
20403
15213
11128
7533
8800
31263
26470
30928
32183
11330
17226
2748
30446
9931
5381
11521
19920
22486
28270
13975
5298
28491
20596
10714
17953
29631
9056
5384
1000
16018
13329
28344
8275
30907
710
23730
977
22020
30160
1138
11248
17806
7837
9219
27666
22628
13725
7176
2225
18756
23212
31083
9653
22459
4183
29384
23310
11606
14617
14055
13846
9757
2180
16360
15469
24290
32718
22129
13749
11351
20688
19656
4854
7085
15480
3076
1948
24774
16401
14742
24908
8509
31050
8372
25179
2218
8710
29938
32414
27014
8420
13243
28694
3950
12380
7877
15915
21013
8382
19393
10901
27797
27019
18634
8086
1380
14569
31712
2984
7935
20583
24654
18719
28682
30795
12540
8888
13886
23168
17130
26602
3457
22978
4272
18203
31398
20464
20935
14531
10122
2731
3312
32552
30043
19309
16115
29938
200
26689
19951
20636
3937
27965
31036
29796
2839
21077
7759
386
12677
16039
8133
6272
8464
21709
7831
9181
14526
32259
7495
18506
14601
16861
16121
6348
13561
9642
2939
3550
14675
19051
29558
25823
13834
1587
8986
13274
26227
20806
10064
19540
20382
27710
9458
18824
22756
7154
22175
1040
32269
21103
16597
14293
9841
4147
20432
32609
5171
21358
5369
1322
11525
24706
8798
4303
16489
21874
363
19386
25702
12368
7837
7554
25213
17865
13224
31500
11990
3660
27517
9077
10932
19871
18257
14376
7689
7465
3365
21495
14360
25557
1962
24996
8417
16906
22096
16833
2327
7156
24102
16909
10407
16484
17057
32328
28586
12333
9033
23844
12677
14875
26332
7603
2274
27319
23802
19777
1303
20322
27970
22883
8403
8846
15252
12156
16895
30597
4081
20790
27866
11800
19017
21501
12439
24851
31579
22956
22953
5436
16366
30117
23545
25695
23095
9521
28004
25360
1976
24246
20203
19445
25006
3691
18289
30448
15868
3613
26805
102
32218
20351
16189
25640
21025
11462
7454
29675
28057
31733
22977
14520
22813
7616
23653
7101
24951
4357
8424
12009
28556
2143
18349
3306
32713
10685
23649
9727
20357
28121
5544
27321
21310
22666
9597
30719
9440
19069
8183
22305
27543
11301
126
6285
7582
4872
13898
23118
4402
16011
21775
632
17134
23378
3440
20892
8855
2514
29806
4882
24802
14738
16751
11472
24111
10011
31840
8837
26449
13821
14739
2686
13140
1047
21614
22488
31560
25265
838
17585
7697
6800
2227
31533
993
30152
26415
31135
31634
24192
390
10489
9707
3174
21422
24820
28374
31617
1580
27688
4920
32584
6551
11487
11286
10412
2850
12418
28237
16603
4707
24440
24344
31702
18311
11031
11810
32169
6474
28886
7525
6786
30968
14688
9585
18198
11529
29829
31277
25444
5357
9670
9928
15251
20570
5278
20642
28620
30360
19996
26711
28554
31204
6667
28414
3518
29735
19482
7706
1648
29130
21888
3286
3230
4996
5595
6423
2916
11382
11538
7848
91
4906
22758
7270
3591
17176
13040
23692
17963
23989
23876
29760
20320
17991
10555
6006
5659
5193
5210
28958
12073
19763
11439
26432
14487
3986
128
4161
22337
14045
17314
2055
18597
27847
6866
4811
32015
12343
5481
22505
9559
6799
25746
25851
20092
25751
16062
24550
6790
4081
27146
24622
17262
10046
7425
27693
21795
8782
23048
6373
16314
6403
24028
17011
23719
8674
12640
20931
31589
20036
9661
29644
6604
25256
21846
14222
3116
18281
26946
13911
15868
17605
32558
26446
3271
8862
1029
11422
25727
1458
10916
8026
4450
3730
26780
3148
653
15015
23071
27556
13322
16312
27171
18881
25063
17900
22491
11058
6594
19234
28698
24906
3195
7986
21076
16943
26109
30194
765
31885
23089
1160
8623
4637
30195
19407
14906
21479
10272
3723
9331
19485
8799
16732
15797
2605
16047
5105
21015
12936
13686
10840
21648
31895
30082
22833
29597
4255
24891
17430
13966
27720
2169
29376
22091
32139
23181
4401
1358
28127
7942
5625
15041
7044
19736
9766
14375
13989
19900
11279
24635
4258
21601
23795
5636
3693
21831
18854
3545
20662
4409
3951
24516
102
32649
11189
13100
13022
20482
25012
5517
1330
23448
12553
7133
779
1836
8009
14105
1758
31133
1656
20596
17293
13531
15401
28272
12233
28389
16795
1271
18772
21895
14943
22529
26283
1522
11049
14362
23412
28037
27484
6896
23560
12183
2106
20578
10581
15714
3788
10066
7998
24303
25787
27615
21403
16659
233
31182
1201
21181
11271
18376
25426
25060
1284
27824
22524
10528
6500
18421
17022
5098
5660
20850
22037
11281
13685
18866
865
30392
26606
27739
30799
10234
18698
22740
6236
31097
9635
6254
6275
1825
24985
10253
10752
9824
12129
17771
10306
11058
646
31542
28742
24452
5234
4662
19151
9390
18171
17164
27629
21907
31336
7832
12481
10965
20478
1832
9146
14756
32072
15758
24198
29866
31654
32061
20721
12810
20730
4703
15749
16313
19918
17492
14732
18520
25046
814
25041
6403
14214
7395
15932
570
1553
5423
26272
27953
586
28869
16205
9938
25484
17440
12636
19005
9540
27965
2765
26838
29255
14721
29773
3866
14921
13726
24529
27375
3858
6122
23240
19853
1752
28392
27742
18860
25863
26008
11829
26659
29040
9486
5395
12624
10751
398
22896
8805
20608
15651
5729
27451
6700
6777
17116
17151
14277
5087
28069
17740
23349
18774
311
26108
19479
20894
9631
7190
2810
19210
23316
10202
31032
28019
23124
4466
1422
30511
2439
14872
7591
28419
24263
31284
13983
21331
4214
21030
5586
20650
28317
16109
2480
18435
24451
21297
25256
14869
26770
3168
17118
11694
13792
19282
11264
1821
18093
17770
938
25828
25550
10089
689
1408
26479
30462
19789
22736
24827
10531
96
29087
7099
13426
32064
4938
32273
18886
6108
12787
587
11714
21189
10188
28062
30618
27520
23045
8322
3208
4017
26510
15759
14761
22716
30009
4352
21776
13823
18469
17695
4930
3891
3042
31382
11564
26133
16059
970
8210
17878
1836
8686
22617
27908
25771
18220
22309
23774
20178
26625
14812
26831
4115
8555
10131
23317
2513
9515
352
636
16711
16389
16982
20081
6815
23571
9910
16590
23522
9915
25270
18674
22360
32489
20103
16392
9176
31221
25115
32502
81
6218
28979
28184
16574
11567
14796
9555
12832
32554
31956
7654
17470
30241
10361
32080
24071
18960
14709
32175
7670
22996
16914
1218
5717
17928
30965
18396
27760
21896
12830
1869
2761
25886
21919
23744
6314
31115
17518
23782
20965
26471
16611
6725
28162
6296
31366
16707
27325
23873
31880
7174
31988
7694
18559
12551
1962
27838
27102
12403
31995
3521
11723
17032
7715
26198
21286
2936
5680
29936
31651
25715
28951
24051
22625
2712
15808
12914
6482
9303
29267
32075
30721
22385
30461
12688
4896
17533
12515
20074
15396
14979
9437
29571
20808
1486
29431
3082
634
18295
29482
5829
4349
10164
30774
26812
19442
10249
14762
2263
3188
25860
4148
27494
17886
17314
28719
18794
5778
31472
22553
2999
18798
4929
12925
26106
23185
3860
10511
22715
7817
1195
12465
31696
22342
25646
10904
9041
29346
1531
17519
5880
7461
15411
5302
1906
27154
4369
11486
30344
10080
13974
30898
4103
31083
4537
20908
18254
9347
17621
11056
31228
24795
4540
3578
19123
21694
17839
2039
16132
22484
21644
25405
28591
5376
23607
25801
32026
26746
28710
1765
29258
13779
32407
6833
31369
5466
3068
6492
5515
31754
15807
6279
1709
8618
22838
7369
835
17853
11195
20663
25389
18655
1362
28743
663
9755
28987
30329
15320
10343
18213
29390
27385
18173
21192
4853
14136
32589
24503
2716
12788
16130
28273
29006
3126
28792
1661
7013
22733
13407
27340
6013
20818
9521
28380
97
1458
16285
8245
8010
28562
11957
14567
32541
27813
4356
16584
25872
16986
24597
13516
2986
28810
17728
16855
25386
2061
25547
23605
16432
25972
27505
27030
8706
745
26276
26232
3010
5759
7913
29689
8778
27271
281
20376
21732
6861
17626
8191
19967
17096
10699
29616
846
8812
12121
17707
17001
19687
30932
22868
27817
28117
3856
11781
27841
18587
4850
1369
21988
16029
2
12145
31948
26507
12502
30893
17918
31320
23615
26567
30261
13116
24116
1156
14136
3828
24990
29649
28877
29976
21699
28287
32731
17249
24831
21856
17555
19030
31274
13587
4635
21541
4419
3462
10511
28848
22993
27084
2655
991
21392
24922
811
9531
6776
23983
11087
1761
31149
29439
28919
8303
29996
24635
24542
8786
3391
20477
15428
16845
12990
9663
26287
11459
28047
1303
25530
32488
25415
2119
5709
28497
23134
7255
13300
30578
13472
20928
25342
20847
9882
47
25852
9528
23664
2155
1755
25983
8775
3029
29334
1556
26922
32341
15495
4512
20481
18747
7417
20480
23838
346
30166
29884
3488
24589
20374
20706
22473
29196
5576
22081
31326
31954
27096
2052
5829
5
30426
7517
27078
32229
30317
15324
13824
4486
5139
7140
13314
5306
27599
5992
30231
7688
17874
7986
23500
30926
17494
17732
8914
26026
13677
11258
21367
26000
5459
20815
18687
15258
22489
12110
21623
11979
22828
12134
32015
4651
2815
18742
14973
14828
24962
27092
3361
10750
5926
24736
28553
26604
30857
10815
24858
6365
11226
14514
30564
939
531
19891
27739
31393
2797
10097
12659
20054
9091
9713
3945
3974
24220
11036
26235
22113
13218
7889
28104
12046
5707
12904
27396
6296
32722
26824
31576
5018
5916
20879
21431
23386
10721
5560
8253
15876
10155
4151
18829
3364
1750
6959
31804
4180
15743
12129
16511
6583
26349
4269
325
11457
21727
18882
14363
12221
17182
5941
26936
818
2130
2260
18128
18593
32668
9695
11954
27903
13010
22108
3576
15215
5895
30017
19319
12588
29327
23457
31929
10975
28299
10529
432
31499
19319
7235
18672
15636
15975
31127
31668
14849
14014
11993
20124
4881
27221
13089
30572
4986
19455
29306
24865
3209
18016
26187
6470
28440
25982
26312
2071
16224
26744
25407
29
16159
11867
6930
5277
1244
15947
22792
25327
27331
573
17843
18191
18556
28554
6350
15060
27766
1653
3420
22120
1050
26721
31984
9527
31929
9431
24349
2165
724
20872
568
30085
14631
24714
25129
16398
1345
12446
7682
13763
24889
15970
15474
15414
13403
1691
27801
2523
21963
15759
12606
32329
9747
23587
7312
27883
3493
104
32272
2957
12268
24368
8461
6041
3000
12117
18639
27349
2100
12754
9932
27534
27814
10055
26277
11870
18314
31776
18397
20010
31742
7351
4237
23753
18755
5029
1669
20737
27843
15181
29798
9670
17191
334
20883
16671
6436
14891
12163
3133
17277
5842
28888
20754
9785
9609
3320
9605
6527
2819
12139
27547
18204
18419
24181
30264
5927
9593
2259
9793
19310
27000
5459
14077
22216
14648
18724
31979
30972
11874
28966
7072
25905
12840
15059
20297
4715
28016
31084
23560
27791
27809
1138
4780
9565
20596
19125
32353
24865
22
30464
29224
18096
5553
25792
5883
26586
28792
12699
32606
7000
2843
24069
27648
18898
21776
26912
32416
4077
24113
16155
10872
682
8203
23838
11341
6837
7319
11630
17938
27525
17324
31914
22495
10617
5732
12278
3980
79
2289
15878
16926
31627
825
15950
14491
8026
2434
3122
125
21213
30693
7211
29044
9352
14992
28735
3911
14552
17900
25392
13909
11935
9697
2344
27700
10265
7873
17152
22865
11658
2584
24062
2862
16911
17488
31986
7573
16473
25509
15523
3774
13312
4643
31811
24244
21867
9694
22375
21256
31106
29563
25299
11823
23332
21123
22963
8035
17169
25336
21435
23633
7102
8077
1830
4631
24568
19275
27591
3376
2059
23389
32231
28818
19893
28430
14096
13125
15517
15148
25530
3094
13706
18477
20776
15997
18088
6141
7502
14287
5426
12305
24071
21210
5467
12982
1782
19767
236
21807
16282
21492
4468
8458
21239
2139
20431
31753
2774
14458
6216
21735
15268
23561
7146
20969
16329
17617
6528
27174
12539
30229
3274
30601
2389
23060
9311
12882
30100
3528
1400
25295
14594
20566
25416
27292
21641
18903
29021
19264
55
24203
13567
501
11752
14193
5696
29422
10426
32046
1106
24478
22680
3486
12063
22305
4296
26765
19892
1200
24505
7453
83
7766
22699
29395
18437
28558
30878
7786
30200
9403
11870
28822
19630
24049
11180
18792
28117
24098
17295
2074
8526
21793
6530
26994
686
14628
7564
6537
14276
23271
9916
8740
9161
3282
26233
12106
18285
1672
10123
14951
28727
19236
19517
31069
29393
19320
29814
9445
23768
16507
10167
11540
10099
11672
9858
29864
1814
25151
13746
22812
31718
30423
18261
16870
12951
13344
22343
11594
31475
11545
5970
13097
5769
16237
25387
17105
1617
1303
27378
32253
13866
18224
27123
29770
24791
26195
3115
8680
10178
2375
17715
26130
19647
18047
24987
25284
32728
26142
28672
11923
736
24518
7208
20421
20072
25590
19013
20261
10069
24032
23759
22995
21942
19485
11362
11874
16807
24452
1017
28567
29469
10698
21776
17073
4830
1947
8114
9163
10018
425
18641
15827
1608
31
8388
28722
2775
20447
32495
10302
10567
14166
18742
8940
853
4803
2701
24684
10263
14950
15153
13875
5293
1812
1963
9792
29011
21549
8057
4702
30436
5341
4699
16023
20643
13430
25874
10166
20070
26325
27945
24102
20072
14471
20575
19463
2364
2525
17386
1159
26573
644
26265
8070
22828
13522
4017
32413
7135
31909
29556
4983
4436
17613
17364
19933
9866
19702
1468
8296
24200
30567
14306
216
7421
23331
3939
24517
13087
24726
20936
28048
13193
17323
20716
2915
26792
7108
3057
8801
26190
14483
229
4956
11369
23242
12613
27887
27612
23441
11712
28263
26312
8860
22773
31322
20326
31063
32757
25372
26121
5727
5341
30709
6723
30098
2018
10072
9757
29254
11808
1112
23211
18540
25604
954
18012
8229
13683
13173
5661
1367
19432
6919
13493
32250
18027
30563
11862
24869
29534
15956
12370
11824
3106
12079
26983
2335
31881
24682
10619
30191
17307
15331
27573
22269
9144
9920
10807
18392
31206
6091
17779
23994
11180
26225
24377
15299
13735
12688
7541
11382
14773
19291
31586
692
18128
12845
18921
13192
23662
28637
13988
5558
11682
1159
1266
23494
28560
9697
31495
12233
24398
17088
10118
1950
24393
431
18980
10137
27387
21179
12418
18249
12219
27117
7881
17189
30968
8687
29938
4063
18442
18306
21386
25931
22693
23636
22450
12003
23803
2591
17657
23290
11564
22977
21447
26048
21082
25532
10660
9404
29561
24603
17072
26082
7324
1148
4483
28186
14148
32222
12583
18503
22340
23321
31618
24735
4221
7978
19579
22552
24169
29778
21473
13136
30512
16295
18746
11233
6310
22513
17646
9647
12795
6314
1103
5611
7084
24667
14985
21669
26009
20269
19354
3335
219
54
3706
17019
25268
21763
2530
9790
31163
13546
18721
18790
3620
12367
28279
8564
28392
29575
17845
11302
10078
16898
16250
2197
14967
13656
22960
27327
24954
25464
10519
21815
23436
6826
27819
3038
28228
28741
6593
8611
1784
18521
31930
29284
15658
24277
16540
24482
9989
25657
13134
4158
4851
17916
20338
29497
18521
1493
14439
5722
13498
27072
28415
29273
32257
17231
18043
26163
17110
8673
4131
15664
16077
16954
4700
9070
11641
13015
31802
6328
8623
11845
1772
12814
24056
4726
19639
12998
4436
18963
22339
19776
23530
736
6817
26278
30300
12796
25906
32588
12957
8246
1266
2075
22341
11227
4810
12750
4145
11136
14098
9308
25377
24481
25969
6156
23620
14110
22017
8502
1083
24148
4692
3733
365
21610
19314
22978
7047
6193
28658
19493
25517
7822
15492
14292
4131
5722
18344
7624
974
2870
20361
24893
15029
31039
27123
9403
13036
27865
19033
24819
9864
31521
23687
27997
19964
5806
21648
30536
25158
32395
1885
15187
9042
6405
14523
18841
6352
10993
25146
28327
15573
25810
20657
25121
14483
2251
6395
17672
23164
23653
4105
24327
28992
30484
32156
10924
11438
844
17117
3665
3417
11187
15295
21173
5210
20395
14851
22840
15724
7908
20114
11435
12775
3253
7228
22209
24089
31483
7842
26846
1631
4588
30877
16761
12183
8113
20893
28389
14470
4017
32381
5575
25885
31020
5061
13839
26151
23213
24056
8799
26674
22151
28685
17063
13451
26645
4141
9414
30648
31636
26703
20090
29472
4118
20434
3844
10123
27987
11044
8925
5170
3445
8170
281
20972
31537
31763
2126
26304
26660
23340
31834
18048
14681
12362
30648
6912
24927
22454
12390
14274
23475
25094
8471
11287
27824
19072
22646
32609
22044
30792
24444
29660
14364
21745
14522
3151
23330
13168
18098
5403
18095
19596
22513
13518
30495
13487
9880
2603
19176
30769
2210
26971
29811
18376
18783
17742
19481
14246
13685
20364
19716
30454
23091
26394
10434
6357
5805
26964
19690
24630
7992
17084
6434
14157
26237
27484
10113
19577
30453
29913
4177
23854
18355
3793
23658
3181
270
27083
21007
9541
2545
1200
5843
19497
27161
24450
2863
31656
9791
16519
10500
31295
27424
9959
14486
18124
10150
13853
19143
652
634
15058
24946
22384
16693
8352
14918
2233
21028
29912
22658
29142
17802
5752
25951
3269
6544
31195
23515
15880
18365
28507
30470
20228
17520
22219
863
3533
19540
25884
19473
17498
17600
20226
10839
28764
1234
8234
22152
12880
31332
5536
25149
15811
4054
21443
25994
6435
30802
8547
13179
32619
28017
15576
11262
27588
15112
26299
10423
14471
29585
29854
24705
27268
7928
23870
20626
18801
17111
26601
9016
2230
14028
20025
15904
30496
12888
20068
22198
29683
2118
32572
26787
20534
13964
27588
24282
2219
24313
30662
17308
515
28876
10452
5381
19911
4251
27052
17010
31856
27833
923
1490
28425
29339
30858
714
28100
4137
19436
19922
28160
3739
5015
29464
20081
5657
7236
368
2520
28576
11755
16576
17442
22839
21534
8262
29281
31601
31569
17942
32264
25443
14927
29915
8780
26512
20792
32405
5313
15944
16084
971
24617
17827
4945
31084
30850
17913
13721
8108
32410
25194
25483
31310
20614
17531
9183
9871
13758
6401
23250
14932
8470
20215
22994
8011
6517
11614
18674
17401
14591
15512
19092
5242
30769
2120
25718
14676
1089
3430
29679
4224
27266
21754
15695
12319
4380
28403
23110
19885
26180
9007
4211
13285
11693
4057
4945
1786
25535
21046
13555
3962
23784
10799
16258
16881
31413
22990
16488
3058
7048
19161
2714
25494
13849
20122
4720
8100
30162
26129
10030
499
10439
27863
24908
1549
24541
20180
2835
22916
9030
939
7964
11841
26948
12804
28722
1937
707
6052
11896
9984
10211
30285
3299
14548
14404
18502
11123
12464
17817
28073
13848
6148
29918
27014
32508
12326
21560
21239
11072
11395
7000
25758
25875
31984
10531
22340
31832
14451
25699
26522
23677
13598
163
29485
13037
7967
2222
10542
18848
31172
20564
28920
25978
849
3048
24597
23502
21182
4196
17779
11126
5557
25955
1843
26385
23071
27181
27369
9555
11973
19824
6836
22051
27146
27772
26569
4586
14753
7432
15858
31978
5312
31273
17257
19691
5450
25349
8827
25349
3412
11573
16310
31315
3851
20724
25246
13236
13987
11909
25575
29057
31038
29381
3433
9078
25740
23916
31590
11665
24501
4921
16577
32230
22675
28916
27962
12569
882
24385
19745
30558
29741
23572
17649
1758
12296
14623
20344
10493
12937
25262
13777
21708
19848
29493
20927
10126
12049
15801
27213
5767
7317
16975
11248
23544
17325
23135
19650
29172
27840
29141
11298
16671
12996
6261
24751
11993
23370
5055
9270
32533
22960
24167
2768
31586
9592
14438
30117
18731
18245
15785
16721
24511
15470
30761
2997
28325
17641
21696
20595
22172
30852
29571
18948
59
16147
16536
28134
14658
22450
12193
6419
32199
13061
16099
19715
18392
22717
5032
8219
31268
6975
1059
17042
11990
945
3855
30404
4785
21853
7120
10824
13600
27442
18819
4456
28104
17002
340
23299
25926
12657
5436
29779
11319
28734
6096
14134
28049
9438
13062
8595
5846
25401
2283
8215
7668
19715
8169
19563
23770
14960
27923
16374
27325
31866
20026
5571
23752
32482
28421
20401
7750
15749
13126
32367
20529
26358
28401
24856
13152
16789
18971
170
14594
22903
20023
13755
26141
7126
15718
11551
5725
27724
6720
8297
10468
27895
8652
4824
188
27310
6390
6464
29238
2410
20140
20114
4237
25620
1177
6705
18522
21154
21418
29525
11981
29283
5054
17099
15370
3457
27748
19716
1930
12845
18427
1992
13967
16835
10394
14884
24529
17758
23388
16334
8080
29491
17101
25802
25476
10451
22120
7629
9368
9011
16424
19173
15295
20501
21677
22678
8144
12440
843
1032
21861
8902
14063
23178
28479
12436
6252
30958
31278
2590
29106
31930
28917
3793
23398
23519
27015
24749
13602
8734
12270
21883
12182
26752
31385
1899
16008
29817
2907
12718
25394
4885
1751
17232
3647
5425
2865
31462
18709
23400
25131
12639
30735
22146
14552
12651
10745
30773
8346
2731
6421
29134
20688
23663
9651
26010
13830
1612
2549
25596
2715
25459
13171
3150
10124
8457
30247
11544
9884
31182
8705
10176
19664
6718
411
9555
16961
24637
7239
16408
2807
5432
24069
22969
13327
4399
27274
19185
25433
10249
8143
6891
22267
15988
30702
23639
12168
23229
29999
2772
12164
11249
9950
26867
25635
3871
22937
3743
4358
32325
13935
25437
11154
13139
21598
15154
5241
25826
26390
8122
13934
15647
29010
5498
22621
2398
12878
28178
4745
3525
17168
9362
5417
2153
29492
5743
2888
23992
8734
7049
26920
24858
20219
28914
15953
24714
19073
31866
29824
14407
28527
8550
23163
24227
17335
27141
7880
32609
30797
19250
2190
18070
27843
5850
5571
3496
14971
11134
8035
28983
2012
20097
14403
4572
19707
5443
1458
17652
7094
28351
597
15778
9111
22735
17002
3390
15878
15471
15998
31620
21209
32380
21350
3149
17630
32660
8690
18428
17437
5178
2906
2056
27143
11357
24802
21707
14589
6277
30445
27967
27670
27795
32520
11125
17476
29539
3249
267
8534
21843
5078
8814
8090
237
28614
21015
5792
5554
14201
1439
22166
12189
5733
25193
31781
643
10307
1453
21112
32470
20176
26734
25310
8489
10635
564
31182
26704
1616
9489
17823
31042
14158
7148
30567
17725
17591
6587
32011
14426
22712
18060
22941
11118
8092
28470
28453
7577
31778
16865
21305
6086
29266
3712
16904
16794
16983
32590
11737
20832
11094
27086
3573
1470
14232
9502
4340
14937
23111
10745
20920
23082
15810
10372
16535
14365
10323
32472
29660
14932
9269
20322
30261
28080
27341
27860
6814
18099
26614
29856
31412
5924
1900
27065
13919
17150
192
3275
404
15602
4453
10959
10458
17908
20836
9955
11790
28582
15366
29031
19613
5790
13855
2316
16979
5263
23386
12248
15637
28887
24446
30763
938
23767
24316
8635
10111
23772
8260
28806
8096
28440
18532
16341
31882
8196
12948
25954
10084
26025
4007
14686
1382
15497
3683
11180
21593
16835
14966
29640
31033
24000
15937
24895
3249
24142
1838
9714
99
1057
20255
22548
18360
11769
25097
27901
4956
16043
27982
17574
9537
32531
903
22889
16158
9853
3726
20868
26209
4351
32444
9322
1003
26985
15287
17361
2297
15387
21772
18740
19072
27629
21064
10765
1740
28856
2071
15342
10688
16156
8010
25357
4671
12387
28391
8465
4689
14694
32132
10266
2931
20857
12664
26621
12768
7994
17115
22794
18098
810
31900
7141
5914
20213
26526
30691
6297
7845
3435
6022
11765
29349
25965
5565
23008
19604
24097
7448
13331
9262
28703
17553
14677
21260
2552
9396
26096
3486
22273
23796
26260
16815
6614
22205
25630
17933
16700
3275
14563
30819
20216
10667
15200
23629
2071
25642
22052
4470
12637
29579
28090
31853
4805
28762
588
6320
28134
28423
23358
32000
10631
6506
19497
16940
10080
14328
15239
28199
29024
11706
26272
15684
3885
31680
6999
6091
18064
28532
26827
11817
21244
23938
22470
19854
30423
25925
17093
21637
5453
14115
31100
29127
7353
31302
22836
4445
8317
5705
23250
24587
4261
4419
1461
26211
4470
12978
3638
10601
29296
25972
17413
22327
14440
22328
28781
17616
27497
5579
8146
26407
2544
9129
22651
5725
29308
32017
4538
10441
26872
6975
27391
23292
6748
21706
28069
11995
19937
7724
31237
4810
26670
19760
10811
19118
9549
7281
6151
17457
11760
1545
25325
1125
18532
16498
15535
22301
2917
27708
10183
19187
19250
5819
2433
5774
32611
29228
26774
7612
20751
21232
21573
12544
12904
8557
13240
6241
15835
4935
15841
10314
26757
9166
22575
15581
7572
15490
6538
31840
24028
23302
7021
16635
20147
29043
26670
18640
5488
12000
9293
22715
14119
5996
3748
30092
27472
1565
10259
11133
18574
10504
31054
9127
23206
31989
26906
27895
10202
9606
20968
12239
25329
26396
9076
26567
31503
27276
13086
21424
7256
6325
24276
22389
24630
14306
3711
31293
28080
2060
27292
19468
30332
29037
32331
10883
9125
24836
10344
30
27706
12361
11913
23522
455
32763
2215
12198
28572
9958
8506
11631
3436
20282
16966
10800
1081
22677
30399
16848
261
16513
174
30004
764
11919
27202
12551
1872
17965
27984
30594
14495
1108
26151
18330
4034
25808
21524
8357
22071
24386
4831
10823
20937
794
23860
18163
17280
21303
28772
25239
1390
16381
18543
16504
16313
18616
23477
7909
32718
29658
12093
30103
19635
21166
25882
14619
30818
7744
21066
12355
18520
19413
26126
29271
30974
6600
25793
4955
24704
9891
20841
5854
28589
28313
16535
6872
14370
32162
14469
21655
12787
6938
29190
6961
25606
27428
15029
29483
25820
966
25149
18073
5094
11067
20604
21976
30837
4827
10162
23280
29873
19010
2512
4106
11555
9199
24382
10094
25991
8313
7721
21003
29180
29933
4879
30132
16616
27858
6111
25113
7470
23938
10154
16503
32206
3885
12290
4764
27811
31219
24222
8604
17601
32244
19207
26543
24864
10562
24916
1472
19445
1193
9197
17707
17470
6010
31002
18644
9181
10958
5318
101
9266
3950
18786
1780
16602
23644
25604
6301
16620
29128
21259
6462
4216
2068
31423
18976
18439
5013
30794
1739
9641
19478
24229
31622
29747
23836
31325
6673
3107
39
11966
28555
12119
21798
22947
9911
25196
19656
12936
7700
3516
2517
20337
19593
31800
27356
24526
9903
28345
3415
4863
16517
31092
27071
8146
13423
14777
24141
22732
23011
6874
5086
29385
7239
8304
29038
9975
25110
28002
31238
21807
24375
28081
9330
26137
8172
6496
9980
8541
32766
13577
4317
30297
29534
25568
13560
14690
9887
15882
13558
9944
26953
25642
20113
18980
8316
1607
19797
13817
14493
32166
28109
32108
6533
18357
25685
18901
3310
4437
1130
10191
9892
1412
27971
5639
20754
10712
30602
12129
25297
22463
27605
15853
20168
29208
13488
15776
4364
31181
10011
12656
22766
15253
21647
19582
4297
10069
26776
10189
14231
22435
24145
14058
25781
1449
29395
5888
23840
5699
15947
20339
20119
15374
950
20510
6898
19154
17380
23713
3999
21299
27290
30174
32532
22003
7639
14163
21548
19782
30861
16047
2788
15089
390
14124
27668
26290
634
24020
20067
26945
31312
28559
13826
4468
30375
9317
13241
4471
19242
30195
32228
13878
20721
19973
24449
23310
16257
24652
18869
19138
16346
22033
19868
159
3352
23575
3342
16911
2359
18416
2397
23968
27497
2337
31237
5787
14638
14315
31206
9684
21302
8979
31026
30634
26216
21497
22006
22559
4817
32062
16811
2462
12725
4114
23341
17602
14563
26958
10339
22524
15930
29830
20731
17231
11949
10782
19139
9139
1434
25847
21742
421
12502
1274
31536
17851
13204
23763
31498
5085
28625
15546
12939
29682
23432
32448
15118
15635
29827
8154
17704
8323
21211
26615
25933
26309
21136
6233
11592
2563
29938
32564
21053
17383
8383
385
32529
27914
22851
6383
16447
7242
30507
20200
1259
1512
29937
6489
17625
11775
120
29586
10402
19350
4171
24010
19717
21210
8892
7041
30116
10957
21182
2765
27026
18778
26842
539
23000
12791
32659
23401
3875
3834
1995
15737
11973
15203
5267
5776
28520
14662
19799
16058
21815
21764
6139
1162
10417
20341
19869
10787
925
131
18463
12792
24271
2979
7439
25379
16802
13022
18603
12469
3768
29066
23866
23790
21722
609
29136
18142
21667
27791
31455
27669
2475
116
29977
2900
23808
26895
6524
19307
12251
1834
11202
7525
4478
16371
8755
26780
8144
12322
21296
6837
4808
23970
30373
3731
8854
19087
5464
30058
17773
21822
643
14272
24579
1906
5918
23920
4714
4234
6109
30352
9964
9084
16760
19809
26509
3744
21038
2382
7858
30219
32399
9421
12908
4744
30110
9155
13008
18655
19018
426
32002
11098
18846
24757
11912
6954
494
3867
31975
30962
449
32325
6703
13456
8857
15311
20416
26654
16442
26317
21192
29760
21845
30665
21711
7677
2367
17293
32125
25266
26983
5127
13745
9673
786
24791
32562
25681
22224
7125
2775
20983
25366
25359
14503
12553
32037
17991
5716
6448
21492
29136
12255
11234
22399
3434
23109
2830
4634
8327
17000
25750
29953
16898
20010
26399
29413
19780
21846
14172
18899
31800
27663
2218
203
13454
9629
773
25212
28543
8671
4630
2560
22051
18720
1375
21049
23960
27848
3401
25756
6447
6534
22432
5976
21515
31749
28585
24048
30934
26868
13814
32542
25792
6499
924
11596
32193
25149
19383
5964
23767
28584
18955
19777
16327
20643
7726
8443
29238
25393
17277
32163
13639
32190
6889
4037
4071
24006
18900
20063
32609
24541
32316
19209
22898
1916
3510
20011
18338
12441
12320
15697
24934
10608
9693
11465
5332
8339
12591
12666
1835
15765
13711
3636
11275
23891
10491
7186
1908
401
10812
1055
21895
20689
6104
13308
15683
19184
28696
29172
28056
16797
26505
7652
14872
11002
10481
9543
48
7569
26481
26935
17778
26630
1497
14477
23900
29976
12178
25753
21709
1886
27513
8032
3226
2813
14220
26550
12905
11908
6826
22453
21774
26873
20418
1533
17754
21163
10519
22844
14576
22835
31238
18182
10673
20320
26426
19660
1388
5752
28604
23811
5936
7503
21690
13056
6224
1527
18739
2642
15734
17073
17429
23650
19775
286
31572
5375
19287
1092
26401
28009
13502
22491
13970
30945
7898
10049
28339
19596
15807
27227
19892
5548
31819
16898
13616
10011
4775
17647
23394
11209
21639
16886
20520
9975
17445
10538
21818
2350
28309
12643
5511
6885
24875
5317
26574
13916
9067
2901
7109
23446
30060
22583
16496
19683
2078
17533
16085
15960
24260
13379
28678
19508
14713
5353
814
2768
32269
10315
3486
12684
8691
6789
21870
31762
11657
22606
14345
8469
2071
17522
30262
5266
19830
13973
5619
14596
30539
32603
25280
24579
3192
27610
2971
8987
31356
8741
28017
26563
31086
32648
28425
22351
13286
693
5990
22488
24129
19502
3833
19915
27425
2754
32678
17564
3154
4201
7108
12459
18856
1506
474
25778
13565
1626
18634
2309
20555
13510
1277
12386
10180
24903
19961
23021
5868
704
14786
14843
17979
8843
29725
15970
22055
23922
7917
459
21487
18669
27365
4901
4275
6760
31482
30930
26015
31827
30545
3609
22219
20503
26869
29998
31074
25302
7609
12132
6922
27101
28940
31123
27742
12810
22325
10111
11329
9885
13765
15072
2198
3399
32375
26694
4821
31629
1253
8658
576
24662
19548
1580
21205
20047
25580
19899
30450
20260
30663
957
13344
31324
26449
8485
9174
22637
11482
22234
11073
24080
15310
9572
37
7928
22924
21287
21526
15701
16351
31871
20138
14873
1483
8934
31409
9999
27630
6883
25978
1967
15277
14230
31888
32074
18715
19990
16739
7295
3880
24307
30841
28902
17345
28656
8347
29673
5288
16955
1254
21292
16049
5243
29905
29219
3583
11760
13390
16492
14555
20157
727
6518
22001
27863
17910
25416
17908
14080
15300
31458
18649
27759
9241
12986
6593
2497
10653
22608
7011
8372
23259
8004
1598
3
5272
15630
1112
24380
32227
2452
3203
12124
1578
26210
32392
23805
14328
6946
6277
3960
17344
5729
25444
25879
27511
4142
2851
28217
32247
2010
12050
26410
9361
1866
21691
1086
8090
28187
26356
27517
31961
19798
2166
8643
17166
3594
1121
9791
7009
16536
27619
23398
22821
25512
32689
31767
2429
12043
20066
16450
25284
23715
5416
20878
730
32225
28363
30508
9190
3243
28459
5464
25190
22679
25091
30239
14675
15296
1877
31803
10669
26322
16147
20475
17763
1844
15350
24327
27752
22348
3879
27613
11597
30153
31705
14523
11389
7598
15310
7509
25546
13013
28157
17603
4269
171
1060
1083
335
5888
11159
5126
27063
6759
13276
26649
28210
15765
23607
24890
29054
21684
6866
6469
12086
11963
11153
884
28274
11499
21171
14423
13197
4155
16942
30807
23459
24708
11147
23992
9685
2909
11851
29228
21323
65
31959
21740
3028
24525
10465
31293
30181
16019
32639
13021
26938
12480
10784
29917
12954
27114
19044
17708
9263
18264
8775
16126
13058
1825
20486
28738
16370
21600
18588
18359
1895
22695
26286
18999
15850
4726
11981
22227
24918
9364
8259
15801
31648
3999
13676
28576
18109
20239
5418
21997
1016
13234
16975
6405
29179
14202
511
11662
9304
16585
29061
6251
23030
23818
1695
20863
17722
6460
27051
31754
20577
21723
18204
22833
20801
21194
272
24566
18858
32236
17365
6371
5440
28962
11573
6278
19398
3412
20160
16857
12368
5983
6957
24345
16539
16267
29046
7645
30140
17260
14660
20106
7407
22207
15806
23168
16233
22697
32705
11242
16730
20850
12980
31317
15076
29088
26825
5402
12592
1972
29754
22872
26583
32289
26809
11
7960
9792
28831
6113
1814
23345
12893
7691
2327
8096
2772
10510
6149
5260
14545
16357
8824
11675
26035
976
2841
19787
18989
9039
15729
30753
31314
19291
4923
17736
8163
15587
5474
5372
23373
19865
14301
13219
12794
25590
27218
25402
20733
28456
476
21104
23625
27350
13021
1883
16756
29976
8991
29582
7994
16222
2479
26260
12482
15607
15038
16785
27738
17607
4589
32389
6221
5780
29734
11994
2251
28301
12709
26185
1774
9886
30966
11702
9636
2010
11484
16452
21782
26742
27678
25893
13743
19850
19568
31867
19212
8266
4115
31559
17499
2011
26460
10122
510
32238
14789
219
27034
10002
16622
1233
3526
5518
16442
31928
22725
18109
30525
28933
16042
18694
20717
17468
1997
26100
21419
22225
28090
1172
28319
16551
14091
30087
6107
26561
22008
14722
23744
29670
21111
18838
23743
20151
7361
542
17989
11818
29411
26689
14694
7755
31675
32256
24626
15235
23562
19510
11133
24317
32040
31892
9489
16309
11411
11084
11396
15567
26407
25737
6020
13465
439
16281
30045
22306
7391
19970
17003
13184
25597
9299
28774
26640
15716
18842
26746
24463
17204
18270
8422
9765
26426
26358
26521
19220
26685
19886
12947
1125
19934
20335
12072
3960
23839
29342
16505
30767
9861
4707
22285
27050
28926
29416
3010
3383
26442
24050
25943
26520
25875
27773
11120
29058
15651
28515
8371
9494
2786
22567
13531
13506
2019
31497
11770
14032
12069
237
7066
26679
5781
16015
19605
5413
640
24246
14110
12684
11019
1447
17738
22213
24615
31571
13589
20795
11710
26459
19280
12573
14636
6648
12756
144
9299
28302
21362
13442
