10279
26854
15459
11729
30165
27027
18886
19680
17596
10206
32589
2895
28292
9414
1256
13157
19904
26775
20259
21450
16382
2568
11792
521
15503
2836
24307
18630
3095
10136
3248
15806
27859
29105
27381
31619
12205
22483
22567
31477
6657
28842
12814
2176
6189
10417
18751
20759
3291
11667
8013
17140
18702
13124
23470
15884
30957
28383
9071
20564
4434
25406
16280
31158
2578
23387
15965
13266
28938
11881
31497
14709
8686
10674
14506
18906
11985
15407
15229
25507
17780
16361
3352
13205
7502
32018
22362
13078
14943
17122
530
12904
4277
12851
32626
19107
21691
5595
29490
29556
1093
25805
8323
14488
29788
18927
19130
19222
28617
19897
29881
27199
12899
32145
11037
24678
19736
11497
17705
3936
16062
11286
18549
18618
19863
4335
23382
28093
28070
27946
29197
4898
16308
3702
8879
9365
29985
9304
19414
17388
9323
26566
31244
24612
23168
8324
14324
16415
29892
9282
13622
32032
4064
11122
28720
10498
5968
6123
20062
7227
16811
2367
20357
10133
1457
23260
18339
9638
21527
26597
19350
10260
8721
12494
15502
15498
4259
16058
7732
1401
15528
24724
9111
8847
927
7663
7899
9464
18745
31646
16288
2903
2467
28179
19507
387
17555
5496
16759
24577
3348
8079
1425
10054
18962
27466
6487
29353
29605
18986
29814
7978
22814
31576
30821
8677
15314
15492
9741
19028
19112
3201
565
27720
19045
31645
21679
11685
30386
9666
11844
29664
26610
12878
24928
11577
2502
30130
22910
29113
28253
4300
32082
14315
2684
10757
1976
6490
9809
7210
863
25294
3831
14091
21812
27717
21704
28118
401
29875
8807
3888
6178
32121
30856
25368
29339
24999
23174
19068
12828
9458
14243
15513
10079
13940
7452
15891
4519
8998
31988
11736
24680
29725
5501
949
25527
13447
17830
23732
6000
23397
23048
28989
29993
5382
7855
20712
30938
10311
16808
35
17480
29580
21071
21384
3382
15741
26965
9467
16971
21889
17812
16007
4802
16379
27026
5878
17620
27207
1495
15410
1765
8819
15343
1886
10096
20157
1597
30388
24500
8401
20614
18717
7452
16575
3385
14225
30063
11198
21376
26677
12732
17058
20999
30510
7171
17439
8847
12614
31651
11963
18993
23622
27783
18068
29299
10509
32016
15063
9996
11124
16065
9980
9335
29666
13741
27586
826
9902
21153
7150
19443
11575
25617
30915
16423
23749
10691
14912
25546
12062
30525
7964
5006
26856
4336
130
13292
18882
12321
25997
17651
8736
22939
21122
26323
27370
29462
20431
6952
15060
17253
25799
20232
13692
18787
539
31179
20549
5532
6168
23709
2293
4794
21666
11973
27153
26806
17652
17074
30964
26298
22293
28618
27057
8152
30489
19698
13486
9837
17437
2013
27133
4691
6400
25878
24185
15818
25825
13515
3749
25892
3933
18527
21316
5426
25733
13486
17336
5233
17570
27933
25115
13044
5032
873
27935
11537
9338
6189
29606
3275
7139
18480
1568
13827
1872
8821
8616
2397
9039
29440
12510
18931
3528
28264
16002
12732
24573
2593
13781
24763
27715
3462
19632
4839
7038
10153
29537
18653
9822
5595
26185
20296
9819
9978
15670
20748
14961
10109
5249
24629
15259
576
11239
8611
15634
8720
5928
1905
21570
24566
23649
17962
25745
2628
7210
28843
27343
20577
8047
26326
1147
8019
26383
763
11963
15121
6454
12807
31001
8326
26747
25194
10239
31845
20665
30154
753
17072
17837
8553
19084
13062
12116
26966
4674
21935
20482
8791
31187
15720
28738
9874
650
6640
27761
10493
31805
26447
25
21387
17922
17897
27406
7188
24241
18246
19531
31744
286
15262
20106
30395
18451
19495
677
6873
5648
28191
943
27140
15553
31384
16593
21417
8259
30471
2278
11878
21015
23179
13270
23602
24546
23549
1459
1354
20970
5307
10133
5599
5457
1076
21046
27265
19983
16435
1612
22345
19633
24045
28330
30153
9171
24521
18453
26036
6494
13297
27367
27726
28546
3997
21094
7826
16754
13082
15841
549
28643
25244
18320
20733
22850
8137
3369
19408
22968
28673
17986
18239
20190
15215
25706
24511
6976
4305
6405
75
26003
23047
23787
10188
4022
19805
21952
6467
8555
10136
13585
25276
8914
31426
27955
26355
8873
7605
22492
21955
25669
2154
10878
16210
29007
10495
21607
11774
2880
32138
8858
29446
14490
32416
17770
4601
27116
9891
5084
30431
29315
8655
10426
25384
20720
29444
13687
15704
830
6481
9926
12144
25328
580
30457
16411
17596
21748
18970
21150
22538
25034
12235
14716
555
17172
9949
18412
12634
31304
16051
3580
25459
5656
29269
11137
23669
11577
6483
26054
18617
14835
2656
27632
18159
8809
19370
30258
5598
31142
27898
11190
25048
17771
26512
31558
28158
21691
8124
21182
5433
29475
25660
24882
24307
1225
1881
20447
9113
22331
28096
7634
31954
13045
12065
2650
32124
31152
9353
14895
28011
23917
128
863
1248
31813
19682
3068
25547
27885
27262
10119
16576
2059
28272
7963
3003
31292
31038
20569
148
27362
25525
20247
25920
17326
23937
30152
28621
25841
22927
4265
4124
21154
25635
4017
6491
9774
16056
27446
1865
20739
23963
10079
23337
31707
9030
8781
19587
3784
30077
6408
18846
11780
2090
3883
957
14198
31225
1359
796
3332
7859
10809
32424
14235
4956
29379
29570
12031
30731
17547
14386
21076
27532
8029
1963
23912
9399
29025
16387
26310
17806
516
20719
12923
17432
8103
5632
26022
1281
31754
6303
26305
1006
25463
30153
30386
9634
15022
25483
20113
4050
28564
4669
20023
8904
18586
25982
1931
28858
16110
16627
12940
20199
20324
25790
22046
23671
28195
5568
12692
6928
2319
3471
13057
30008
17658
28214
1598
20077
24970
13743
2235
30982
28648
27937
11783
11720
18477
4058
8477
24903
27021
26122
11892
4867
12609
20293
17093
29246
5174
14519
2714
29854
18295
15140
32411
14983
859
7335
26776
23862
19822
12838
11605
670
29984
23704
26393
21251
12080
7670
7413
11351
31702
514
8917
12119
17331
22203
28232
613
22393
28827
27663
26148
15962
30358
8807
30677
32562
29139
11286
15733
20595
7464
22583
22418
23252
12376
31430
29937
31417
8972
14827
25569
11361
9106
25607
23901
3793
15703
6783
26085
10628
27429
23883
24601
24783
4381
17213
11546
17686
6772
27410
30368
10417
14061
28986
32475
10396
29722
30311
4619
5088
11858
727
30174
24005
5489
21090
29325
1716
16723
21827
20917
10222
4622
29094
28406
3567
22513
20981
13901
3488
32576
19427
11314
63
15277
11317
23409
4623
28567
29523
17608
20415
19202
20114
11333
7835
24153
23102
24670
2932
7397
30827
22221
7248
2828
18553
15154
4306
5194
2920
19302
15720
17649
225
7584
27958
25504
2303
11338
30406
9861
5858
17313
28524
82
16371
11535
10618
16640
29684
13384
26921
1606
10702
25126
31810
14296
3354
2373
8335
2912
30829
94
25861
19517
18532
9828
29102
25342
21363
3169
25176
22685
4716
24845
8192
20859
17873
31283
25852
15391
9179
6084
22506
12207
23367
15544
26971
13866
30435
14760
24639
32363
28124
17709
16656
12766
27844
15862
31679
27135
9062
29355
3167
407
9034
2949
31378
15798
6918
29098
25526
2671
31307
20553
31696
18262
19115
2938
12597
24506
18731
18643
24314
10915
3213
26057
14881
20106
17498
30669
25984
9435
23729
12834
22640
22827
4818
19840
1083
16441
18026
19819
25667
8870
5020
16208
25842
30580
467
20324
19813
19008
21322
20285
6104
18751
16728
2605
25808
14074
12669
865
29962
15305
12077
31166
22054
21265
13918
19831
11795
20541
6867
9070
20793
14205
6182
25168
3946
26177
22168
25967
25478
18292
28825
350
29168
3961
17686
13902
436
15334
8837
11307
23668
21251
5809
21622
16663
7937
28485
19937
21809
24826
14107
26028
16689
14252
15426
21186
25421
13813
27345
1682
17710
25870
2158
12206
16475
11911
7325
18982
32102
27142
4554
22947
14808
2751
23317
10562
221
10419
10975
11574
17071
25000
1560
25116
30403
19947
16455
17949
13494
1224
11350
18374
28662
27846
3619
18087
16944
21411
6343
429
28797
2578
1444
3903
5964
32567
4145
15131
10509
6110
25221
26095
11171
15743
16036
17079
24711
24818
28813
3545
17339
27890
21759
6658
3445
25683
271
20158
8840
10243
22123
29914
8082
8386
4203
27770
27368
18593
5597
10489
31042
20540
7053
3715
12581
23479
25494
3444
6420
4985
9580
5999
15477
1195
27301
19006
29509
3439
27786
27757
30843
20705
15969
6053
31549
28366
20600
11465
5830
31542
6130
28114
23826
29060
26449
22891
24654
8072
17351
9292
26370
17464
17212
27735
14076
24107
16158
371
8956
26065
26605
24620
18209
28531
1410
14855
8214
28910
28706
10150
26876
10031
3654
24736
27670
22381
25384
5406
12854
26665
31245
17718
15595
3559
14933
12807
14183
1961
28740
17561
18994
10032
5774
1650
32145
8434
11428
2039
22196
24538
9665
20617
7074
22722
15539
13403
27109
6577
14442
11285
3061
4308
27970
2602
14693
18238
1808
10746
11727
2911
26606
29863
17025
18246
10183
22455
30436
32406
161
2414
5040
12362
13229
14057
21714
6184
13072
30714
17944
3078
7279
9415
16034
28864
20541
26913
9993
756
12740
12709
30284
28548
23540
20117
4479
30665
22255
26740
31282
7575
6736
8803
30626
4853
26687
1598
9890
27033
19766
5750
7239
15910
20624
8620
1878
23332
8662
13330
31854
4035
20169
17026
22774
13903
20015
27484
26820
9842
27486
26912
14994
3885
24201
4815
20257
29845
7630
1537
3882
19789
13051
22214
13322
31687
8740
24893
3881
7994
11493
6390
23598
30818
32375
29193
2532
24058
3189
16371
9706
31994
14444
9779
22301
24720
32293
30377
4806
32224
15025
6569
30852
16252
22585
23522
248
19618
27266
15858
27442
2104
2115
8645
5342
904
27943
29105
10542
24763
12448
7506
21127
24855
7538
2087
23275
6904
30202
17897
26409
5008
12610
16559
14534
14430
31943
9411
8874
29807
3844
11841
7306
23896
5830
13429
8473
13294
21295
3826
17134
13516
8327
12402
9267
29826
1478
4977
15635
17309
3810
21640
7393
22107
32729
5770
4617
11307
11389
3168
25783
29414
258
17573
4169
25040
1864
4864
10101
18509
29929
13125
20282
19555
3586
587
31880
5363
26818
26763
24750
23479
23988
21117
12424
8954
12492
21170
12900
2843
16179
18866
16057
959
15826
12179
8070
21721
21664
23390
31371
15195
8876
25633
12843
5561
30442
30676
26908
23586
18877
17388
5332
24702
17224
19393
19123
4646
23157
18592
13297
16741
22721
28592
21574
7858
20174
14725
3931
29099
17830
1926
6387
17361
14544
17151
15320
31494
9493
20997
9096
8135
14351
32269
5277
19241
27766
10315
16381
30869
7978
26572
7365
14147
26880
27986
29942
30583
18765
18675
4317
28542
27955
28016
11588
21608
8110
3414
10331
25218
11869
11735
4451
29082
20241
2918
1824
4338
21015
11284
4348
26368
11589
15277
24315
20716
11207
3473
7267
32198
20135
24660
16679
394
10781
16149
3607
7126
19356
7327
8138
11877
29849
1089
17479
8019
13849
31853
32630
8975
14594
30483
27209
10783
16157
27579
22697
28311
10478
30565
29219
23895
3124
7712
10575
22279
10046
2668
15876
1236
15604
26193
13885
15591
9633
10812
31177
12970
8321
32156
31926
28346
12814
1344
9339
19114
6923
15215
21480
27773
13389
11717
18894
32226
15180
15568
15982
6957
23405
14702
27554
13850
13
31716
27597
26688
15181
20671
7044
29014
19872
22379
27129
23849
6677
11924
17452
3417
4965
2624
1744
8919
28092
4009
8958
799
8520
4828
24987
30004
2434
4626
29066
4704
11583
2769
11410
1704
31605
1218
16142
23825
2254
28241
7767
21398
6639
9991
31218
29412
1669
21415
4984
26075
16660
22538
10569
19653
3966
4794
24560
2132
16470
13905
22100
14429
26850
23696
20644
27223
30706
12094
9728
13202
10596
17094
23784
13111
9842
32400
8805
14339
24258
12059
2041
1474
26155
7647
13384
30350
25416
19172
29315
29637
23231
9250
19608
715
25423
22167
7194
24965
3739
5419
15858
28304
4792
28995
21699
22853
120
8487
17950
21870
4724
20500
24171
20165
24795
21536
18322
22576
1534
26066
15980
21182
32663
13693
13037
2145
22748
31329
16142
13929
26952
22399
8315
17349
13348
12864
8449
7928
13528
22212
6581
32732
9203
1547
31973
2330
251
18886
4800
1381
27894
10747
21701
15481
8629
8283
5100
7127
4579
25955
21909
12093
32209
29493
4916
9447
2303
23091
18618
22920
7274
17249
32194
10247
8600
15480
13696
30970
25188
10697
29034
19939
6537
31192
12964
17453
32753
30388
9772
19428
25275
20759
26570
3639
3598
16706
1973
16303
6305
22935
16133
23085
23558
26355
32477
31398
9657
31441
18004
24221
27884
31520
27432
15715
6416
21471
16673
30993
9507
9854
19526
25410
11196
4853
27075
4497
10200
30369
7061
32214
30306
15585
25339
28191
25732
7540
21917
24688
22192
25745
22905
30267
21613
8387
13201
7070
1250
21131
21846
26207
26660
31156
5330
26791
22847
7284
15257
29569
9478
9287
6253
1298
16795
11403
32692
24214
29373
7900
26266
32287
26324
14637
1286
30732
6334
22955
10814
27722
599
11346
12377
4941
27594
5707
14952
7885
25499
31500
10595
27201
11120
14126
29653
14108
9634
27917
19527
28874
3975
32546
17006
13417
5245
21535
19220
6216
1463
16591
23238
28448
17095
13228
32578
788
7919
32317
9119
1130
20263
22582
27450
10247
11502
30798
20324
12716
22993
24286
27597
26099
4028
11838
9647
8199
10756
11487
6586
1830
13104
19752
31939
8152
907
22290
23339
13548
15466
3970
25360
21559
11325
31081
9526
23308
26456
3230
30900
20090
8575
32374
27998
31560
5171
30761
30966
6578
32191
22244
19217
28896
1281
20909
29643
13866
3577
8443
18730
9230
19219
1041
14163
1261
5940
16414
26479
11656
25735
29974
26970
9022
19460
25678
19474
27139
2501
1242
20698
13856
29192
422
9521
32173
11011
32087
20342
9678
14187
14303
14936
18352
7619
29154
2815
18754
14437
10700
11772
17844
31313
3759
18161
432
13497
17629
28416
26459
10568
22601
28148
17930
30006
30878
23090
20932
8461
23325
19294
7804
24888
24119
3020
4875
21328
19182
29869
4079
17446
20460
24822
17862
19088
4704
25359
30600
17140
28828
10561
9351
30614
21104
15580
22056
417
9028
2091
3423
12023
20983
20249
3052
30904
29307
1695
30039
22164
23852
14069
940
31441
26613
21620
19447
17179
5409
15181
20094
27151
21506
14828
20161
17798
12100
22058
12082
7585
1294
14645
19636
26777
9438
28223
5589
30532
28449
24553
22988
24166
21141
16494
2865
10429
17247
18576
29310
7626
2028
31043
3146
10593
30600
19482
3903
12272
1727
32373
21984
23439
15735
25448
10237
11723
29385
26730
8177
25138
27300
14530
10146
28062
12576
11185
18742
9794
20387
26976
20373
24694
14262
29320
29347
3138
32677
30435
2874
8108
19672
9814
2794
22978
2036
26843
13168
10854
14001
10544
18935
19164
6009
7745
16912
21268
23238
16214
7283
22456
5689
20220
30067
23798
19833
10421
32579
10762
11473
15711
25579
18834
20872
27236
19208
17041
15359
6055
32582
22080
18317
18474
28574
20121
17435
2431
2128
10657
3454
28148
8096
11640
15511
32126
29264
12577
20012
18785
27616
9746
23429
3749
13960
11899
16582
4921
20209
19543
19728
10724
6071
30003
22614
2287
10400
5825
23295
24468
21913
22556
25408
22053
10612
9177
1080
25852
20580
18129
6856
11814
11828
12209
1080
17870
7242
6974
8843
5483
2911
14697
19102
17833
1275
5910
30723
23320
18611
22700
25247
29079
291
4445
20997
17022
19625
17202
19089
24974
5606
21470
28741
23706
30709
575
15203
10738
10857
10419
23246
4498
12553
22560
24609
32015
19275
6082
4492
23101
24465
21939
32115
31905
24101
21564
11205
10650
22518
8157
2332
15182
17680
23070
26521
1621
14045
25876
12669
28200
29213
15282
10632
21576
11430
725
21778
20014
27357
7949
27626
19958
14576
23340
27122
10698
15321
27537
7799
11791
22034
23090
21841
9810
23576
10091
30142
2289
5282
11144
13055
12681
158
1299
10928
22051
9968
8159
3304
8989
24553
8401
10773
10714
23689
17009
660
3625
25973
28212
13331
7798
3511
7815
24743
17075
21816
21915
27564
28164
30461
13555
10336
32557
24356
431
22078
15292
1181
8598
1820
20981
8873
23781
19203
3458
3604
28889
15826
10967
8754
16126
21137
30055
411
9526
30870
7304
9894
19080
30298
27431
32678
27822
5657
20011
4839
31325
43
21930
26215
1618
24357
7374
10068
24353
10671
17541
19786
22461
11811
27884
13641
3270
15339
22905
28791
12950
1687
11242
17051
14345
7872
25073
3157
18960
7329
412
7455
1013
22638
8326
10500
22635
19579
12736
24098
32605
32014
18045
21985
29811
512
11647
24048
21092
3606
7493
21764
5886
4129
21745
5967
7159
18903
24571
14018
20593
30832
26776
31491
32591
27392
17640
25901
11834
8855
10978
13131
24945
22554
14080
8082
20565
992
12713
22368
22192
17164
16226
26104
11977
13997
26549
3835
16424
14487
7901
21669
3881
511
15926
9677
6467
8152
5991
28571
10774
20721
3661
3846
30006
10699
26022
24085
186
6715
10882
22737
11394
12484
27242
5644
25164
14258
8269
4053
14966
2038
1070
30646
8593
11717
10640
4788
19114
15087
6301
22788
31319
25344
19992
21901
30339
15640
19977
289
9978
18314
13602
5499
12979
2359
29939
5112
9697
27817
9938
31766
27832
12527
8584
28077
12031
3131
15803
13039
22618
23612
29983
28193
22869
60
18525
26390
27952
14585
6079
13424
28781
10821
23200
15510
5146
23133
24981
19060
31198
19209
3931
12790
1222
2167
13440
16450
27341
18904
31186
29624
21293
32696
1416
14250
3432
27678
18226
8155
11541
8295
5728
24505
5739
31971
4117
31066
18319
3628
24298
24632
27293
25674
23042
2989
31864
16264
9905
13613
5202
12052
18667
15941
6138
32090
20078
31319
26857
1565
175
22546
22026
21082
18822
9908
24141
5596
13976
29439
4074
27294
18312
14332
4213
26085
29405
24435
6567
25370
3505
20005
30438
8296
543
30671
20377
2330
106
14048
18990
18866
5869
25589
21480
2504
23751
26904
6505
26537
6978
19645
31747
4523
8712
28792
4031
6482
12804
32639
28201
23588
11033
18660
27105
7756
26758
399
28387
13041
30740
10748
7057
20052
6149
5050
24198
23980
10172
17055
9497
193
30507
9676
26291
330
8449
25700
6353
25607
23441
14859
22488
28574
27777
7968
20636
17719
11063
14523
13998
26326
15875
19557
21353
18299
32268
13210
31163
16635
11772
2815
27316
2973
28523
6499
30417
4980
8972
10872
26629
18303
8090
22862
139
16001
27520
1683
6766
19873
25931
30348
13268
27842
1744
21202
29711
1184
12061
3021
30050
687
7968
22002
24467
20148
5401
16060
7988
32287
12993
5483
17842
24879
6712
9087
24090
17860
28079
28915
17071
3075
7642
4154
16172
26796
13075
11771
3033
28987
32078
24715
27984
19904
22208
29486
1292
11390
25934
10509
7862
21318
1720
13303
1584
27281
21378
23256
12894
24160
25766
3066
20663
28884
18427
22269
32142
23180
20323
2711
13601
5314
9911
29196
18782
10533
23668
28268
26745
9076
18722
26512
47
223
392
20690
2519
14621
16273
15759
2861
15692
28156
16734
22494
2189
17095
6157
24531
7771
5209
20832
5693
4784
21874
31880
15717
30678
25555
3941
9009
19981
5548
1403
6773
20706
12746
29366
15615
15946
15997
1502
16993
29569
21322
14040
30588
31653
22870
7330
8913
27665
26253
9996
24967
10874
8085
14391
18748
30924
19574
22991
23180
25282
3077
2568
4194
26952
21013
23641
6145
1936
7261
27131
32209
28150
2600
20000
23274
3732
17087
10740
20322
22437
22166
27733
21847
14234
1849
22865
14523
18174
8692
3427
16354
13322
22853
30829
20685
19464
18691
3189
7988
15976
4426
7199
12117
30115
13358
9454
14719
8659
8731
315
14941
20751
8461
15857
15363
12680
31349
4110
9146
22885
7143
9689
4236
12382
5764
20451
5774
22298
10538
15808
25328
10313
16732
19075
5317
12161
7923
5370
22163
12762
1666
24494
1178
9288
11914
29849
27621
11195
21347
2213
28177
760
7653
23273
5600
25141
18649
2979
26749
17527
12578
26355
32653
9900
15531
8029
14330
7304
17423
13308
382
22303
27403
32391
6897
31047
5029
9477
18259
21931
22552
27472
18329
29359
14214
8267
9528
28680
24925
8931
6514
10775
19333
15046
7523
14088
32590
16614
28362
6574
18716
21420
5529
17949
14031
4861
13883
21509
4341
8173
15527
31441
15023
23622
11305
13187
9316
9655
8171
7246
15655
2268
18502
31216
3817
10226
28875
29398
29022
20822
23311
24558
32688
450
31290
20297
15590
20039
23375
5241
4883
29194
17976
677
6462
31678
25497
11372
19477
22245
29521
17791
9552
11462
24528
509
15846
22829
14876
3981
26355
28389
27296
1085
25956
2038
8891
24350
15464
23967
23300
30363
12950
25618
27231
28829
32222
26098
449
8289
16945
23437
6339
26132
20208
31193
5864
27699
18198
13616
17837
24229
8228
13259
22358
30613
9168
27648
3699
32273
24684
27195
21044
4708
13335
31422
15218
25652
24231
13080
26233
11866
18002
5990
5527
5252
23327
22349
28774
16013
17679
24243
27609
19863
18698
13888
9991
1774
4235
28567
18618
20636
16395
6484
10679
23500
2094
30405
22475
6367
7600
30569
15770
20816
17422
10794
31527
840
22260
10329
15138
23296
32362
13421
4341
26075
31165
2171
11149
23359
11566
4213
26856
5943
24157
3107
5731
8905
19315
21729
27073
26136
2322
17181
32507
24634
21246
28559
26314
215
15240
19511
4597
32646
26046
20760
9562
19687
13908
14518
703
31104
10064
2128
4694
11865
10873
24542
6418
4950
18045
19913
10156
16215
23269
8813
28276
3601
14009
32591
472
30634
28146
7710
23477
17943
6564
2923
9569
17462
28392
20776
5749
17066
22667
19682
29787
3706
32632
11710
32411
13672
28133
22069
21476
13331
14656
7567
7133
27084
24280
11552
425
28216
16204
30021
19260
9386
25780
30238
6497
10557
32657
22536
7303
29620
18037
4065
19023
19475
9329
2811
24534
27897
25155
7900
15554
28612
13884
14524
25358
24163
26355
2236
10134
1785
27820
9446
24417
27959
15749
24552
5554
30070
12390
20368
5837
9623
8870
16135
23434
6043
19582
2253
8603
31233
28718
5240
15516
14819
20465
29740
27615
13007
5794
24025
16629
102
7978
31799
25341
19895
18097
21379
15020
15961
13696
13815
21280
19786
19128
1034
31588
15754
5813
13420
29890
30839
4159
24511
14796
30183
28791
19479
10793
2567
24956
13360
10016
13559
27616
18034
27878
20513
20174
6053
13480
13661
12023
1396
27478
15302
18497
17571
2357
9818
3630
5904
22052
24660
26382
25963
9897
9033
28133
14517
24003
25348
26394
20345
16238
6946
21476
19149
24566
23150
20596
12040
15356
10234
10466
13376
17737
7682
20698
8842
28758
22144
10755
13809
3735
1422
17715
17970
395
23936
2643
11838
4741
6333
29459
12141
31544
17762
17487
19586
27396
11925
29244
22626
5378
32681
7003
13460
4817
31990
17946
31607
10270
28278
19786
4679
13045
6176
10053
24270
21707
23556
29659
7401
8263
25131
32001
4034
22484
25132
5688
2759
2280
27278
1726
3692
4113
16865
27255
29862
20932
15771
13722
26914
13285
10931
18204
10569
9237
9215
13788
18421
14015
29262
17555
28912
10978
21061
10362
26673
24220
15354
3768
16597
122
2130
3218
2015
2433
4123
26193
24239
19451
8424
22770
16707
8963
25520
21136
29745
3792
4390
17810
22112
18881
4054
660
4746
8748
22532
17686
27762
9446
14660
24295
9700
25746
24025
11855
14193
27050
10190
19199
22759
5967
17366
5561
5522
4305
3556
5823
26677
27644
9098
22269
6855
15400
16403
8182
26094
16895
15967
20079
3133
19468
23681
9180
27948
5129
7450
17038
19419
9445
25203
16538
17798
5527
8028
32137
13255
9381
14792
9921
30351
115
31525
5814
25058
18508
10877
31440
19286
4658
11342
27675
29513
358
17449
26289
17893
14774
21517
19431
12245
15241
13697
23354
708
29867
2163
19960
9626
4569
5075
430
3189
23820
5103
23893
13417
13446
4749
23867
7928
26269
9418
29106
2384
32330
10933
7291
23367
19568
27819
30961
2583
14830
12912
6902
27353
11875
12306
28830
12483
6084
25726
4765
4897
24223
17887
12145
22292
21292
22458
32078
14606
24344
1738
24270
29193
2066
26268
9813
21642
3858
11499
9286
15705
14444
1721
27623
21501
2200
9010
31508
22265
446
4160
12455
28617
11780
17645
15779
19099
664
30077
32035
28110
26492
3399
24325
3371
28692
27223
20821
21734
4209
14021
21627
26707
23387
31699
9765
4200
5408
19146
12018
22006
10015
6033
7907
935
16403
8466
25730
19382
11553
845
27344
3441
14240
20280
18928
30320
5034
17501
22164
31634
11110
2098
15403
26044
21268
30519
3527
28241
12757
27602
31184
10096
27456
5866
3179
11249
21925
17989
11432
21277
18719
13474
16494
25647
21340
16278
8998
1422
23595
7975
23338
25544
1738
31530
14828
19534
23533
31324
21222
14322
2190
10051
30021
289
15736
18115
5205
16864
31633
31871
19115
5512
22762
22773
25620
14912
2696
11608
6720
20031
16112
16684
28718
9407
5492
17828
22615
28352
15936
8891
4506
13186
3875
31252
26346
21695
6431
31634
15801
6828
2735
26551
7971
942
27354
23486
10203
21469
30972
17270
2774
8249
15695
3301
4793
20910
5692
31128
19971
23497
20068
10699
20986
9016
1901
15678
16471
20484
1421
9682
31665
1933
10199
2022
13994
19017
6472
17523
18907
28988
1680
2281
31872
1846
25762
200
11235
31183
5114
1279
32137
24099
27825
25861
2079
17742
32578
9656
7971
23718
5658
20984
11603
21947
17377
14595
18902
21007
2699
13967
29739
20118
26397
24745
8917
19180
20032
14160
4291
10328
25991
12752
30081
31877
1408
17888
5153
21498
20604
17531
19687
8286
27166
10366
7607
20078
7078
13062
15679
16314
28923
29063
15588
9250
6778
2477
23918
28436
8065
26355
626
25731
11706
9732
28803
31142
4391
22996
16920
1397
8434
1662
16187
31972
11506
28124
1015
14046
14333
2536
8575
29696
2800
20693
9758
9754
27775
7917
14306
13158
2493
25129
11784
12678
23402
25490
21798
21567
5120
19034
18971
3064
25212
13497
6071
4080
5613
649
809
20546
28094
11680
13100
2970
8898
19441
7665
1205
29956
5985
27083
5018
19020
5995
11420
3738
10609
18546
13827
18185
7778
23785
20547
5561
21234
29733
9202
13114
26727
25341
10854
22484
24001
27175
23263
24385
3786
30290
32372
27691
6114
17923
22207
18280
10887
4400
840
30455
7847
3741
20914
18618
19621
29434
25767
19697
31789
17849
23940
31866
29624
10161
29893
1739
29918
26484
11567
939
12639
32624
3520
1203
1263
22984
3670
17032
32709
30192
8993
25046
3554
19467
4810
3083
18210
2564
864
22488
13316
1646
27143
15720
4920
1308
18783
4702
27630
10624
27317
18833
30937
12996
32236
29319
14341
23978
19498
13490
11102
2084
26946
17005
5628
29363
4068
32692
16943
15232
5254
22694
7247
28475
6929
956
11840
19383
31564
11207
18375
4162
9
15787
24464
30662
27922
21981
30971
14497
30673
2462
6826
9796
7873
2037
8651
20621
2968
20077
32294
15589
27697
28051
8934
5401
28219
6446
14375
26617
18852
60
22851
22450
1475
10417
27612
20972
25927
19183
23465
11683
9443
26884
18177
19142
30903
7589
26665
3986
29821
24302
18270
24491
19064
12503
417
26879
3357
886
12357
25179
24446
14583
15673
6089
16506
3931
12310
24753
23718
27123
16360
23467
4858
13979
13756
3109
6203
27319
27629
13753
25900
21487
30255
4427
23412
14506
15960
14310
19790
1099
8690
24404
21491
31534
23681
17535
8391
12897
19092
24458
13637
18211
20878
15790
11692
4637
30770
7382
2663
21090
31728
9466
9277
3112
28401
23356
14141
5956
10980
10949
12391
6503
9350
8028
10778
26650
27636
11723
17218
3707
26032
9713
15677
29365
2165
10919
3218
22337
11195
19284
18513
13278
13064
6990
9288
8785
8701
25335
25066
23261
25884
18068
25599
31873
23386
32492
20749
7412
27752
32677
28802
23649
14273
10078
11942
30946
10356
21899
29507
7614
31151
532
14097
27235
30735
12973
996
27938
2985
27123
19348
3500
22232
27724
16816
9040
30149
30331
9186
13042
10935
16902
7456
4298
800
29512
12184
25058
16739
19796
20824
14669
5990
18320
10177
19752
32220
24846
3497
32594
13391
19881
20563
13803
13808
22756
20240
16269
12062
6786
27057
16205
16312
22757
27060
23664
5667
13607
21034
12781
12058
31994
17001
14759
17977
15936
22391
12135
17223
30825
14385
10139
12358
1936
14398
21968
1084
9557
15799
16113
20160
7032
21908
21309
4163
1082
8917
11274
19236
13428
5236
26939
6514
11124
3598
27266
21374
9371
28491
24662
4904
9911
9746
28851
8167
11553
14191
27541
3989
18070
27455
19250
10240
17878
1697
31738
19761
24574
16668
10319
2170
21670
24720
1028
29761
31674
10206
21399
6287
21785
1111
11055
1112
30191
9701
8532
12168
28627
28155
29040
29138
3487
24894
18953
6711
531
2032
17084
29528
25641
26913
13817
16509
5430
3220
31360
32609
27845
12146
14495
31427
17971
6065
22312
31149
19466
12866
15412
6019
7454
26621
23963
4299
10089
21837
23854
4286
21672
20635
11451
19346
25778
27515
30142
29061
4507
23193
16615
18089
22924
28769
6480
27506
2656
5745
10106
8705
27391
29120
13
7214
7803
7563
8780
7768
7404
10499
25178
748
24075
17336
15150
27318
4497
17603
17495
9706
333
30902
18289
8689
30984
25157
12643
26613
20505
22961
23390
30763
28871
14072
26517
3555
31073
29374
11708
6225
21279
27129
29507
29721
23223
12384
27471
12700
30399
7569
14973
29701
14277
260
31317
13586
24112
10420
30864
31139
25045
9863
11786
17155
22360
130
10629
18682
20297
14253
27171
18575
2810
20935
26018
29597
8994
20906
13909
19740
31795
19068
11494
32301
9339
31131
16845
28642
30717
4934
8847
13779
9740
11788
22199
5474
29869
30965
14485
13769
23978
10354
15801
17640
24950
17925
19246
7376
11204
20143
4471
13839
26086
19486
11339
29369
21222
21651
528
3643
4454
7573
7960
15839
7991
3415
2205
19998
31420
30442
17277
18601
32253
27938
2742
28470
20362
22602
29089
5899
1302
14983
28143
12620
21455
20237
1380
3076
27262
28675
6997
6132
20835
28471
6626
16159
27598
19841
29428
6161
30589
31993
13558
499
9657
6616
12114
30032
10799
17967
25266
5541
23439
5194
14579
20394
16870
11233
16617
4195
11964
5636
27094
24805
15085
23492
31399
29417
17992
25506
16628
27154
21737
14777
13237
28158
26198
11946
1477
20750
8796
31051
25625
22518
30631
18191
23485
28163
2084
26419
9106
21039
32535
31918
17865
2279
11515
25302
25886
7830
1309
12498
6613
1785
22775
1987
8821
9506
27981
6065
25671
18505
17673
1847
30605
10582
15831
10735
15235
13615
23168
12699
11799
12225
22280
17944
871
31696
25222
12291
14591
4991
6854
552
8399
32159
9632
28079
8173
19383
1045
11525
7440
27863
31535
12683
23240
24861
11927
1
14718
6660
18675
26545
7472
4976
19974
91
29417
29050
29317
6884
4609
12027
5562
4285
29977
10458
14555
7700
1749
4630
4135
12989
32344
7314
2502
26079
1921
25252
26206
30814
13031
23900
16245
4620
27028
29588
6025
9615
24709
28092
20465
10000
18398
23138
8305
425
12781
12164
27808
30603
28133
13462
4858
22770
21078
337
4549
15818
13167
7490
7588
11806
244
3086
1532
25925
18429
21125
778
7115
5236
16494
18881
1056
28236
2829
357
26115
28290
1140
30440
1196
10196
31630
10759
15292
24388
4333
4132
32485
20555
3150
10466
10329
30942
32498
16514
16884
10530
16028
31744
13608
21230
1384
2797
3500
21764
16978
6923
15076
15887
26242
27050
31759
17244
15193
3781
25395
26457
3388
24028
6856
3022
14115
30863
23078
27613
23264
28415
13488
14778
21039
2532
12222
23595
9347
6766
19276
1983
3467
27613
26980
12238
24710
13023
16459
2868
21580
5805
17262
10444
1047
12260
12042
20398
12566
6436
8862
10025
4272
28010
30226
25215
13208
20526
13732
27747
20885
23355
28823
20019
1551
3666
18074
20213
18777
7294
24569
1555
12992
13110
15493
24022
20311
5940
1348
16804
6528
13080
19673
29690
23867
29627
27314
18471
5422
3668
23796
15310
3192
3149
23846
11289
20790
14563
5023
8894
17361
19584
5552
30387
20238
29144
6802
15536
5331
197
4878
17256
7098
2787
4079
6024
18775
5611
8999
19308
13642
8144
10179
32420
8451
18588
7312
24873
8280
15879
32139
11871
16072
17628
18442
23498
11661
31756
5547
30608
18019
13711
31232
29363
28443
254
3831
21258
10718
17394
23562
2308
24130
31770
1068
25884
9998
1822
26223
26907
12493
3127
7541
28945
29973
25483
2461
28689
24213
5961
20969
15535
8672
23177
1969
10555
22267
4577
22793
25530
8103
18886
32243
22952
26223
13993
19525
7024
626
6861
7769
31655
19438
11754
30838
26124
28048
25220
6401
10816
32382
9480
24419
13894
12576
28843
13754
31929
8882
22018
26943
719
6027
20322
7546
21009
12330
32501
17959
18903
25349
12961
21478
3205
18194
18841
32678
1160
31506
22463
24784
15632
13728
8896
14899
2699
18941
21742
10674
16100
11672
476
9903
25984
19040
22715
31542
17141
10698
8311
9194
5256
17569
22929
17072
19309
913
8635
4125
16317
15473
13621
30624
5943
14420
10730
19055
23479
3662
16457
13618
32118
24326
26084
25714
15623
15616
17867
960
14605
19879
679
933
7101
28445
30357
21069
9239
28355
5320
29426
1763
7303
18653
8201
25454
18160
28669
25647
18434
27627
18357
21970
550
10835
28309
24991
13978
16450
21130
20399
32017
8730
10491
28529
31660
30289
19622
5717
15931
512
7481
23870
17714
21035
15536
18597
2157
11726
18033
18317
27044
7340
23593
13610
21164
3799
9316
18768
31603
28926
5871
9117
5049
14713
13037
23909
19599
14870
31419
20066
32144
17057
20869
28696
25058
24629
5797
3082
10476
17733
6847
8350
22228
9833
19101
10449
12480
6122
11211
12955
12488
14348
1778
28703
15805
12830
23541
12187
8860
26178
31693
26122
464
16893
25637
14489
16427
5501
14517
12497
9123
29102
30302
1917
8652
23291
15370
12896
6681
23780
17730
8344
30674
19012
29324
20944
30676
13920
31626
13353
3596
29359
9939
29926
9906
7532
9104
12249
16197
3292
24791
10641
4937
9055
32455
65
22723
22585
13672
32622
18545
286
19775
608
28106
10367
1460
4422
31416
31895
1317
9511
6935
9012
11974
16013
1005
32326
31295
15088
14951
11561
10499
5347
20120
22194
30065
31489
1521
2043
6061
27029
12670
13294
15421
13067
11238
8084
18531
8986
15136
18203
2109
10415
20982
1961
8861
12952
27963
6627
28329
10997
2251
10556
1842
15711
26695
5118
14293
21461
12173
8217
8148
30315
1786
12462
9906
31153
18271
18523
7824
10212
27076
25669
12362
20695
14047
31718
27985
27807
29266
12700
9030
15617
32168
32749
19803
6557
12045
28571
16234
21207
22481
8811
26322
22408
13979
16053
15638
2409
20845
1964
18484
27707
29531
11883
17605
7096
18955
10180
21976
13370
24299
4807
22159
6700
26677
31764
10615
19508
11684
2529
8617
11293
31987
23754
24994
27270
27162
12636
19425
332
22344
3679
24902
26808
159
3047
10533
29545
1970
32537
32557
32000
15039
5822
25340
22413
5036
13449
9597
9149
10946
3880
4105
32704
6445
26893
24889
14587
1839
26617
15244
27762
25128
22861
25022
16883
30278
28432
23779
11779
26635
16831
26694
26250
18820
8920
16131
30269
18243
3109
10086
6863
10529
14281
22530
22999
8885
11532
4753
30848
12179
19942
4239
16882
30532
12621
7573
18564
29962
22078
31606
3486
24400
31629
27675
15471
2803
10349
32031
25428
17971
12735
28969
22531
26487
18459
25357
12923
3012
23199
32418
2732
16636
23162
27489
25830
6102
11063
17602
30978
22945
19402
15446
16466
23992
1116
16805
30281
15044
9430
19397
30698
20404
8239
8383
11761
24702
4214
13985
28100
17043
28574
2659
32024
21795
4365
2170
9315
16661
10211
25406
31750
15556
26122
29436
24630
20347
2
31707
14254
20655
8553
30063
30998
7935
7757
12319
6961
19180
27954
29751
23498
12632
13794
30412
2396
16832
247
16467
15236
27705
21545
24832
9767
29483
18264
3808
29539
7376
24153
2485
20534
108
13184
24725
6129
27466
16114
30017
19034
6522
18087
22854
14500
15948
17217
24790
5392
6283
17808
1891
20831
3705
10466
513
30718
3471
7691
7033
27632
10737
23351
13868
15227
14771
31858
4014
29074
26574
24820
8734
4613
31456
4398
16199
11371
19367
31125
16760
12747
10043
1585
28195
30989
6415
27364
26168
7715
22694
9339
16447
10230
22292
32374
10296
8467
10300
10647
8498
3858
17347
12077
17581
29898
22998
19742
7089
19254
14241
1717
28075
7462
30602
30257
8458
12709
31025
11017
2461
28974
23849
8448
16555
29069
115
7149
25296
21654
13246
29768
20378
25993
10849
8308
18151
8513
23828
1742
32764
5407
23666
25722
5734
16568
20271
21736
26769
26177
6169
17960
17449
30134
24528
26099
31796
32461
32324
21365
17644
21918
32755
8667
29021
22031
17120
30625
28355
29185
26450
22169
6561
30268
4178
22714
18593
12826
12258
28078
10543
28150
23293
25881
18900
23636
24914
20907
28243
29133
9409
4324
2437
20417
27794
938
30964
11707
12407
17292
24122
28066
5960
24788
12823
18085
9592
30031
27989
13028
22362
6107
25436
3039
8982
31925
10900
415
7785
20095
11903
22694
17440
3092
18322
6808
5458
30476
29910
9638
4704
24334
4931
18110
18350
21976
11991
19060
27166
6159
18810
12462
16209
14024
13201
28434
19868
19922
21092
28209
4044
21194
28720
11632
10394
18652
29195
14778
20973
25945
3964
25319
978
28926
26582
23531
3899
29182
4440
12735
10363
27348
32262
17679
7549
14795
21062
12968
13256
25930
2361
22176
27187
24801
735
22082
6759
5908
22505
23744
13849
17386
3933
30360
7173
27699
4588
14274
16553
32157
30483
6302
9926
25462
2036
13728
25496
7230
5105
23993
10960
7156
29454
7044
7765
1821
20995
9526
23999
4756
9252
24386
4496
5141
22257
24015
28208
3976
9085
4314
27311
19725
6527
1835
10041
17355
16441
29689
16216
25976
26893
25436
1005
5800
4056
18807
22764
24535
25877
22625
13018
9013
23987
18648
28680
25396
25777
420
2445
26066
2687
18893
22532
16550
19989
29052
26634
6573
23503
7601
6774
10450
24079
8874
3159
17983
15249
6415
687
4454
24461
6622
22000
31949
26510
19737
6458
19102
21269
14129
31058
17898
4333
28976
3938
17601
1612
14250
9075
16114
27566
31841
6826
1442
7025
26299
3398
26511
11825
28388
16469
20002
225
32707
32569
7990
174
19358
4318
28587
22676
16268
17592
21161
23740
16798
21375
20916
20380
9676
4010
22900
23757
1441
8621
10050
26027
26278
19441
882
31662
23440
29335
21603
9355
3113
25325
22087
17418
20478
5804
947
18342
18382
28408
31462
28646
8621
8981
27609
21374
29691
24296
23306
30757
23305
19765
17673
7476
17796
2450
28351
5123
7081
13870
28289
16899
11559
12612
14809
10395
4563
9820
17422
3779
26894
30536
31097
10339
9206
14554
9095
22377
17999
16230
397
25260
18992
30459
8783
16004
4717
864
19022
17190
6088
25552
29397
27840
15574
5749
11714
344
29875
30630
31253
14437
10341
22753
21818
16426
1809
2951
5398
15574
11488
23386
22227
7517
19631
13495
3692
25108
18553
29331
759
12559
25732
4150
17334
21562
334
15034
25052
32058
2102
32322
31519
27393
30443
2811
24833
19763
13717
19924
26846
316
9157
22781
12470
1326
2077
22561
25784
15451
20159
3170
20883
25014
17014
3096
20348
17386
11431
16970
20989
10040
2038
27112
10372
26897
12727
206
15271
16759
17947
28281
21304
15892
4887
23175
12557
21271
19987
28400
3212
7634
30808
519
15097
13588
7734
25646
4223
9032
23800
19804
17919
26186
23433
9808
28572
4365
8675
10642
20483
27373
31547
6190
5243
10453
20206
32304
17840
7184
7209
17118
31039
29424
1115
184
4096
26401
4188
24880
3351
30154
7258
30762
20922
32105
5767
23346
18879
23915
31876
28799
21741
29582
17292
12715
30975
4855
5985
24112
10359
20754
7159
22946
10793
17454
7649
12719
28034
4052
23935
2006
22429
23274
24805
23274
21764
2956
30858
27718
15430
25766
25269
15565
19773
24913
14759
23976
22812
27123
6281
4287
24379
16149
8980
29940
10914
13827
23554
14882
15447
8997
30264
6360
3687
3616
3248
2517
31670
2988
27944
31043
22664
22835
24972
29108
1995
5679
9252
31453
6442
14144
27261
10261
15314
3856
13081
4747
4610
2279
16854
15178
12629
28941
30495
4334
23503
26339
28116
5412
15785
21696
3066
24035
15325
2445
29218
28268
8048
20511
30107
9218
10626
8279
4439
12905
23574
17915
31134
27681
930
6483
15988
21087
19798
9603
10443
10448
30252
22700
15977
2317
24244
6593
6295
12764
3997
24617
31119
3628
31490
10521
19619
12239
1658
26287
32045
14837
10718
17615
20538
30572
11992
24510
11509
6298
23857
18560
32725
21814
8151
29426
9350
28105
28335
27046
664
18664
2336
25473
18666
10286
19803
5910
29653
12539
14444
26561
2584
17648
23298
18563
15494
26150
20222
28833
21617
9009
31166
15867
7381
18135
10022
24877
12868
18320
18802
12135
26005
12989
27070
13837
7500
4009
5458
27662
25032
30272
21423
7428
47
21905
29019
27152
28698
9733
11115
31859
26623
861
2005
17901
19554
27245
26227
27350
26043
5786
5846
12797
2342
15124
32464
5700
8141
5076
7616
22007
14613
2645
30875
7153
5003
27154
15039
7789
18573
24770
6008
20397
1720
18006
14414
31821
1813
26798
17428
29540
10498
22303
19122
5216
24802
27046
8621
24222
25988
32744
32123
24268
18516
13297
21385
5631
25668
31913
20744
13971
20344
31765
29307
21190
15284
30035
2050
22803
29062
9812
12899
31312
21043
343
9437
21894
3170
553
14253
1428
28554
6942
5981
27778
2589
30157
7375
22694
32369
911
6669
24441
14963
6583
10190
2614
32266
5518
16327
12344
23628
17429
12216
6929
9059
2426
12593
20586
22333
1110
12840
7581
10999
10412
6717
16659
9479
3746
6343
19807
23084
28925
18342
8727
27413
5982
11976
5750
12499
10302
29815
12723
17408
7851
18025
3359
19117
24511
18310
15361
14605
11237
3703
21810
28898
26571
243
31351
27563
31014
6088
31137
23434
13097
22443
25446
28407
3779
2753
13310
8999
10907
1769
27005
20794
20172
3280
9203
25127
28768
2994
11077
21864
28814
22000
30410
1637
5044
4695
4773
23713
27666
30250
32485
21158
13388
5109
25694
32689
21918
19217
15173
4126
5596
9206
16269
22674
10545
9539
20229
28650
9108
28047
3374
31718
1545
7661
26845
7317
25501
24897
24469
8832
23071
7238
6818
31638
23198
4699
16885
731
32167
2832
8387
7887
24379
17524
30684
23199
16018
15900
6604
26126
23954
10483
11443
10273
23566
1989
11748
20621
2751
19594
4928
5089
29187
32370
9809
32371
2135
13492
29990
2572
21654
29207
29937
25171
30703
11581
12897
1018
23463
4530
11200
8874
32404
17848
12492
431
7765
16592
25687
11107
14418
32521
15262
13148
7799
7432
5993
28501
7087
10459
21222
21213
25634
13181
25670
22977
19759
28456
27413
11578
2344
26206
18522
28631
25296
6070
7282
23592
13461
615
18093
8752
6030
28565
17061
12168
1587
1119
32610
20051
28382
26789
3119
18149
29189
3738
14138
28722
18484
26381
31215
23288
3021
3702
20241
940
25216
16067
20125
14118
17032
4576
11102
5643
20395
24841
28239
25342
3055
19663
2997
1926
22556
14827
11769
31677
32758
20166
21062
31934
20023
15812
4839
15820
25678
26708
15198
67
20954
9912
579
15935
10213
16533
1251
21518
992
25146
24724
21590
20066
6832
1497
29446
10657
11910
8507
13053
19372
19289
13794
17021
16494
26661
17910
12878
20323
24143
9400
29618
279
1902
20062
18700
99
27613
25011
5455
21351
19969
5995
13863
10310
7771
21319
21738
12708
9293
10989
23101
20193
26540
32389
28806
31762
9993
32531
16661
17860
26303
16023
22545
15471
25788
9702
23332
9148
32016
27718
32486
22903
19255
27853
26379
12370
5158
30070
23883
14943
17688
27656
2836
16203
4885
25767
8690
23131
1863
1591
7866
31784
1020
22644
4986
19483
3706
22482
9248
9638
27014
27413
8685
11591
19635
5808
29079
14654
17515
2527
10305
2569
1727
24963
2843
3748
18670
15553
24025
12418
25015
32601
11221
25417
17503
24006
30723
29777
8321
3867
32664
21979
12952
16536
31610
25105
4429
9999
3174
20929
897
18937
15843
25305
11034
25687
19434
27298
4238
30538
5970
20413
23345
27249
29949
10206
16958
22022
17349
30026
679
21176
29988
16401
26013
27462
29861
1803
9181
3040
6670
17557
12737
2877
4682
777
16386
10619
27416
15614
32078
8379
11638
1349
25741
9080
13003
12958
9203
25772
8407
2878
26822
1441
14427
11265
7148
1431
25224
10095
23356
3867
10536
6256
15233
16162
1422
9423
8014
16872
12863
11121
11908
24971
27485
6737
15012
25190
18903
10307
7125
18734
9554
28260
21173
26319
10454
7523
31456
17924
1593
19059
23105
22200
29772
4108
6427
29472
25543
32357
28373
6805
5876
6065
20362
32306
2078
21531
26189
15154
19128
27011
26684
24326
21326
21238
3148
4409
21037
21488
13262
32516
3280
29521
4035
25777
25105
10783
20197
20656
25868
16897
8306
31866
15058
8055
6071
22313
9938
29658
15456
7636
29192
4887
21377
7596
6371
26923
11619
31704
27639
19294
1039
7952
3943
8511
13980
5883
1296
8546
27961
7497
11638
7644
29178
3216
27503
7291
19043
26856
22161
14022
23989
22085
10332
32184
13306
6295
20520
23867
6610
31139
22989
15206
13564
12447
4884
20342
21924
10128
7136
27790
4207
14948
19740
15406
27974
19407
8804
9333
14054
19429
4723
22038
14116
3196
591
15900
27649
32575
16182
22365
370
14738
11078
6080
7148
23082
2288
29998
16305
11367
4379
15961
24797
9592
16407
17199
26671
5933
1352
2333
14488
13467
16783
1796
390
17522
16503
9468
27117
7453
6180
31691
24602
18078
7164
4131
6711
24104
19986
1439
5021
6009
31575
1404
4828
30718
28287
21783
1164
10148
26036
22571
14034
29567
14077
31431
16817
24094
20333
16144
10262
22953
30987
27323
32162
1983
4997
4169
7477
6929
11155
28673
15422
14014
7468
27823
26309
26477
11372
4126
12341
4652
16704
23382
9451
29964
12759
24214
18559
5496
18376
21776
11477
14425
27651
16487
28130
16364
9594
16361
7742
2910
22155
8076
28782
13356
25908
23210
10479
17725
14837
3708
9474
18364
16772
6232
571
16823
23859
23466
12999
633
28194
27572
2688
22695
26404
5381
4274
3613
4466
699
8875
17798
28690
31608
13060
5566
28165
29221
12722
32487
17203
26217
26828
5453
15383
20712
23066
32250
20522
5948
26977
6425
13073
17332
24433
30219
19589
31951
4587
27979
17158
30838
15315
31746
1343
26365
21209
15721
32312
4568
25959
7650
24638
10781
19817
9174
12946
701
17376
27213
3540
12930
8486
10574
13101
22984
22015
26620
27199
2043
26979
13421
20942
31956
1805
32073
3883
16722
27331
26919
2148
21627
13412
18343
5421
26576
28851
30799
21133
26513
25318
25382
1352
19125
23276
24339
14096
26279
9346
8691
31338
17090
23284
5755
353
10123
11700
13268
29422
26033
24988
13040
11042
4293
6915
15789
21017
10681
15489
29617
30111
29978
26242
24832
4511
30989
25485
16989
13135
24331
3410
13159
8989
13660
30325
8815
16728
19541
25885
9754
415
11089
27195
4283
12554
22896
8603
23917
29466
30226
26283
21235
8545
23826
2574
30801
31217
21186
21472
14118
18565
29611
24263
18384
30321
25601
6079
17214
11595
31464
28321
30355
30807
25961
888
21632
4276
32051
23684
8286
16455
20241
28938
12046
1899
3375
5345
22929
29013
26892
4285
32102
17225
4414
29498
9895
29310
20201
26280
16354
3282
32509
6041
25528
46
25395
30763
11320
27831
1733
27670
7161
28089
13040
10612
31993
1364
12074
23124
20792
5860
18723
19197
12564
7218
24702
12546
13155
348
29260
22282
15186
21380
24653
14684
18432
11835
28645
24365
8666
5036
15584
31913
437
7048
7141
10691
3501
9397
10428
14781
18367
30134
31807
32630
18984
30680
17953
2679
28029
31010
18018
10428
13447
8442
25230
14658
6628
919
21177
6996
7007
42
8762
18070
7946
21964
42
22478
3617
6950
7067
7798
16798
1250
1944
30466
7323
9941
25313
32241
28780
7145
16227
26518
1656
16588
1401
2211
27612
27994
20197
23418
23230
22731
30092
3636
23921
5276
20981
25965
1869
19006
25984
32726
24396
10113
27750
18040
22629
9663
4980
5576
29608
6088
19847
27504
26654
10897
1222
9432
27742
17563
9122
6774
32239
28709
12687
9179
16993
15377
32639
20601
24106
16278
8227
24885
23873
11435
10209
20144
2428
7471
28819
26709
19114
1752
23813
22562
27760
482
22573
5943
26084
20083
3112
7968
32491
17616
3321
25571
28499
7234
29440
25288
21423
13510
8508
20971
5110
20343
13120
15490
6107
25020
20215
6127
25834
28465
22039
7557
615
5718
13158
29978
16102
15354
16304
31825
13226
358
31363
13988
8638
29000
4785
12852
1237
3942
31363
27984
30690
14079
957
2247
18295
29695
16214
21230
19935
17131
7412
30576
29946
25479
1577
24536
31195
10824
29040
4319
20002
31869
10469
4215
13083
25403
16584
8340
27283
24845
31152
23229
6526
30296
2702
30806
14410
144
3689
21418
11521
24605
4563
28091
27425
4363
31790
1225
13627
8820
20641
1956
23630
14509
727
29106
6369
1587
23422
23488
23010
26452
10362
19849
9537
3229
13549
7174
26188
24583
17640
24699
17865
4320
4334
21566
26581
29307
32045
7494
11135
6551
2171
22391
18467
25744
12049
26287
25736
23111
15626
23952
953
3026
19611
1292
25508
25828
27664
20657
10612
5883
10123
19386
30638
2892
29307
19153
18957
1902
11485
28325
13086
28872
16437
17200
22428
23228
4171
1989
17289
19344
15270
27612
29969
25633
26570
19614
14622
22086
5425
16175
13754
22021
14090
29629
15913
29048
2739
15693
19650
31613
27384
19008
16017
29984
6921
22952
11438
8649
17725
31053
32603
12838
10633
6269
5857
12758
14270
31639
9767
9179
4486
23638
6935
31164
12317
17118
12465
20861
10703
25480
1771
9792
21300
3438
23631
24503
14382
30133
17747
27729
10399
27549
32119
21024
21739
16714
11809
25228
13873
30032
18232
31930
15944
26880
17794
2746
2939
12148
702
9587
7173
16732
27521
2894
15691
8583
14033
21925
13020
15921
31619
6378
20777
6927
16212
23447
2051
4123
23498
4057
6361
10527
21705
31740
29871
29188
31988
15765
32222
15320
969
21361
10638
9888
18811
23104
15603
31715
5262
26625
8778
9715
1333
12845
4498
20474
25195
27299
2315
31432
7379
32598
20848
4702
9040
10425
2547
20538
25956
29413
30717
30304
8009
11664
5794
12077
19409
28334
8678
7643
22526
5092
6578
27603
29793
28337
30868
24246
8243
1883
6714
17193
18997
8859
3500
14436
9031
30216
20300
10362
32459
14148
9871
31078
23735
29160
9081
17113
31100
20528
30682
5318
32666
16998
10314
6825
14080
12560
20709
10139
20005
9689
31175
30487
6375
5951
14150
11914
24870
17154
4594
27548
9504
17224
29262
27457
24459
19088
3147
5502
13684
12893
1672
31227
9690
18590
22860
2382
5897
2016
8511
5889
23992
9778
25068
28777
6626
9948
29687
5158
1380
23231
6941
22137
4187
31626
32752
32329
26427
19873
2384
9971
16047
29902
20904
29396
309
26533
13294
23192
14965
11705
11352
9537
23652
21633
2271
21751
14877
18183
9589
5266
21626
29782
12293
29159
21621
28833
12335
28886
20289
32051
20160
17168
12328
8987
6387
12457
25635
19603
15209
32097
9019
2356
28906
22194
29602
26844
8409
5785
17040
6491
27001
26405
11999
13024
4578
4800
24933
24358
8129
3392
3861
18270
3282
429
212
29915
22559
28880
15644
4224
28406
11392
12115
11497
10667
15276
26857
1884
22546
29479
22580
27502
6587
20279
4363
9589
32236
23003
804
12209
10079
10720
14894
1593
28608
18082
942
19879
18149
31907
5786
14467
18891
28365
6326
22384
19796
28807
7602
16408
22723
29818
31744
14041
19443
7200
4983
18220
11610
13329
25001
30425
23489
10509
4
32733
8129
16840
26539
15638
22781
10617
5906
13749
17185
5921
30044
29536
3741
7579
3956
3882
18722
28776
2797
8499
20953
10552
27290
32542
21862
23096
237
30008
3488
31006
11280
26209
16652
28406
14277
32450
15903
22698
254
25901
20016
17490
14140
5970
23615
30529
22440
23720
19304
2251
15858
31765
14629
24024
26349
8291
10054
20778
16615
5987
18866
5230
9674
22495
29659
5636
23284
31297
25090
30606
13014
4100
23088
24890
11342
1502
24816
15824
11205
31914
32205
11130
10760
17687
19342
11607
29927
27155
20532
27070
23951
30197
22704
338
28840
24173
21604
19146
5166
17196
27744
32637
10000
27474
21081
9392
32395
11675
873
15776
23875
12105
31369
4686
16422
9681
3790
5901
7425
1861
31078
16588
28382
21892
16210
21027
11300
28707
31457
27936
622
6426
16624
30160
29735
6191
7651
4492
13290
10530
26210
20233
22939
8349
22483
17181
19780
29658
17564
9810
946
3858
18454
16172
26828
9897
15951
9530
5046
28443
31624
10463
8361
26532
32617
27613
19600
9138
8198
30374
11875
16139
26770
22115
10820
26814
10213
4033
31323
12491
27311
29310
26994
1170
23930
6582
6992
1532
21089
9454
32469
10603
26258
30173
17882
18018
901
32510
32454
1780
14329
28375
11247
25070
9395
17414
29879
3011
30966
5648
19555
2620
15041
7914
10938
22236
22219
20803
12898
15380
13375
1943
24826
22827
18487
6132
9462
30955
25850
22666
30014
9996
16630
24822
18054
12386
29052
5195
31339
31173
21822
16356
9299
22980
10888
23276
16385
24841
19777
12970
13819
15754
22689
3981
18844
9333
10416
7931
19703
28376
30594
11738
13938
21780
4660
32731
29727
29952
24997
20361
6361
3804
17140
17173
16163
9468
27582
25054
15808
27184
22036
22211
2578
10998
28734
2857
25651
7519
3123
26315
10453
17345
19155
16452
25818
20002
32490
19038
1714
9823
17381
2584
18808
4896
17490
8569
13772
7548
27673
31511
21614
9579
636
8806
28319
20719
26576
21697
30776
16898
29433
5946
32647
16190
10919
23842
16109
15182
22098
2903
11320
26392
8950
25680
8641
15016
22414
10474
32069
8411
21842
31216
20612
12752
24497
18027
32667
10254
26638
21167
26914
31861
22842
9250
29701
21734
7860
24011
7971
12722
25506
22942
28328
1475
17806
2698
21291
9612
30434
29502
26246
14514
3362
15807
6777
6775
30443
16299
13566
21739
21935
30538
13930
8913
14126
19802
1352
9298
27315
10135
31733
12900
28180
6156
13307
31992
11879
13596
11054
24550
6276
26191
7816
6809
13631
12766
14021
22138
19810
22269
25279
10269
20844
16618
31623
30510
268
7866
3655
31002
3676
11230
26586
10877
14558
30072
15912
29518
7223
10336
4931
25036
11949
13300
11843
10279
11106
19875
17889
18671
25678
8505
14550
7741
14334
14824
28657
10147
9998
28698
17915
19157
17767
26617
4427
29460
825
27834
11047
15198
2487
13485
4321
3927
10134
23046
31406
28405
2371
5225
1093
16623
14567
32567
17212
24547
8731
30874
26401
20042
5483
25938
16219
15644
1932
25918
17087
20802
2141
17578
29937
21440
11680
13915
17793
14495
28021
8795
17601
10395
9370
5509
19048
31121
17508
7631
27112
16807
25724
8026
20623
28985
13402
28219
26975
8070
2179
14599
25262
30239
32642
4129
29054
26379
31400
5571
28314
6587
26243
8909
10613
15025
3871
27728
3266
6638
31743
30170
28882
17440
4057
23679
14258
648
26645
18092
3840
28077
14340
1195
29585
32450
7136
11765
21189
19416
8072
18235
26021
23236
29944
15667
8641
14030
5770
16419
23500
13598
20718
19502
30708
5095
28906
27233
17410
24656
4307
30333
22326
20263
16839
30082
5088
29765
3247
18688
9918
1215
1784
19229
8217
4049
30476
8037
670
23179
17555
17493
25597
19001
12395
12709
31555
2451
4199
3929
14584
21673
2763
20870
17656
6029
3460
17637
32274
19389
32039
22553
22370
16471
22448
11712
12142
14588
18167
17211
32003
3967
24305
14397
28109
17494
940
790
21177
10685
13064
7613
30219
5547
11830
30623
14142
18038
16114
14378
2207
26181
5248
7704
10920
22841
29800
1916
16669
16987
15089
28302
7656
27460
26462
26422
23989
31374
12267
26969
12877
9469
22917
29671
30388
17773
20301
21665
26881
1915
13771
8363
9728
4339
30194
10709
17032
22013
31704
31913
7837
1030
9521
13108
20038
12144
7056
10389
13357
12280
5726
22855
10744
22507
16534
31790
21098
29192
15942
8291
28984
12852
3526
23487
25772
1248
16565
22057
7420
26938
18616
15776
11623
16919
21489
28423
21269
18843
30017
24499
3500
5038
5182
5046
9649
19230
24819
11498
15525
5524
18266
24252
17116
19000
7834
21182
28443
26404
4096
18923
5113
29066
29119
1719
28402
11428
4456
19422
19788
21342
10791
31721
8874
16582
707
9600
28017
13103
28500
2163
1246
5672
12993
24455
11492
32545
31744
31488
3014
18646
31501
30706
23929
31106
18855
8264
183
24517
9165
16273
14819
4689
11260
30862
18336
15960
14117
26492
9519
28854
23664
7458
5772
17885
17587
16025
23112
11396
30129
21982
7461
9999
5395
7961
2931
14269
24359
24234
7213
25492
19802
3065
29139
30732
10358
23802
27909
32638
668
32386
19684
4170
21761
1357
31016
25291
15720
25547
20993
23036
5987
28846
8623
27367
27977
18997
3040
3793
31990
8757
5837
11303
19525
16108
10771
8743
2383
15493
8018
25422
12896
23403
16519
19076
16829
26446
20521
5898
22808
758
30470
15135
10447
25802
13276
26997
3817
20511
10423
3415
10702
22338
25102
6551
23240
12868
29595
23097
29757
13960
1790
13536
4009
15117
14352
1020
18270
30076
23304
30897
20475
7153
2128
12166
11694
22409
2597
25554
297
21424
2033
28135
10341
30247
2920
30715
12057
3032
15204
5594
19193
30298
26753
11086
24495
9794
18296
19786
18074
28207
30012
2521
22089
31380
8406
17097
26038
31300
30465
1814
18242
17343
11141
5912
30580
830
15444
32620
31602
15744
19046
30372
11067
13138
9300
27054
25514
29153
24246
25349
23595
7104
5694
14489
7226
14007
14225
11391
19616
2641
26857
27736
24685
23332
29036
7043
20916
3806
14921
21506
28169
1300
17816
18989
28347
12490
14063
32537
22737
16066
18883
11717
24775
21637
20869
24330
19973
13363
8056
20545
6692
20746
27220
6322
18400
8375
5021
14783
11739
13663
26304
1493
12567
27757
11762
2574
11057
15898
14536
26278
30814
31165
12438
16932
26919
31448
22153
17220
5092
8926
1924
15783
16890
9157
8635
32057
29908
26448
10256
23654
16034
7962
16176
4348
27348
18785
24685
23518
12885
13976
24154
1902
30600
23467
5928
24760
17923
32016
28867
5983
4622
32402
31404
12360
29658
25564
20885
30472
23169
19912
8382
6670
29377
101
23826
23952
15736
15818
5632
4406
4575
414
30746
13449
1926
26979
23920
30234
1043
21893
1962
31090
26810
3878
24552
4029
7035
32423
22618
20277
26655
16118
19358
13648
29936
6554
30173
16296
18235
14207
25508
10158
4999
4738
29314
11535
21906
29628
16231
6882
27663
2703
7863
29590
13346
26738
31281
28574
24727
28028
12419
15065
2278
29106
21161
7363
11239
14096
23305
30558
8789
28761
14928
18654
15620
26782
22026
7191
2786
6032
21764
5031
687
11911
21857
31715
3196
27214
26750
3970
9957
13749
28807
23307
9230
26836
15318
27392
14942
12575
31247
12488
25854
28206
26364
19037
20496
3914
18217
6330
19631
15799
4671
20738
2219
24516
26401
29808
1537
16531
9672
23298
3612
26792
19167
15589
7374
29492
26910
26271
32525
27679
23654
1022
8558
728
4769
11716
19042
7644
1624
9743
15410
6919
18193
28554
31419
18589
11118
11094
12522
25368
2310
27062
29174
9135
3586
22909
21088
11179
6264
567
5292
22633
10119
29978
26076
19502
16951
8363
26033
14253
28685
13104
30369
12378
8049
14297
4503
8045
5569
23213
6509
5557
17713
32565
27178
4129
9321
5611
8187
30991
25564
23649
20979
29268
7401
29746
15490
13320
22196
31913
6071
3094
31939
6963
5429
19079
9048
7813
16886
9865
13713
10380
18371
26690
26944
2841
19055
25431
5259
17225
23767
3642
16707
16309
18841
16951
6661
23902
11159
28734
3347
18263
4650
22126
16624
9520
11558
614
14013
17446
15506
11338
13910
9996
16420
13975
24619
10487
8830
24231
224
7853
23595
27139
676
8907
19032
23660
6226
30904
13650
680
32329
12877
17091
24077
27916
1089
20396
15567
6552
30038
28194
2825
24457
21573
712
10380
28907
8298
15888
20331
10209
20783
27953
22339
22008
10298
24294
24907
11593
31318
22509
14623
8017
6946
21307
30283
19855
22396
2559
10906
26594
10923
32605
10525
5281
6734
3047
12794
15992
25864
9435
3834
25605
28649
23327
27856
17718
7835
19965
32042
2657
593
3486
11641
16672
2927
10568
32385
19186
10745
25943
18592
6547
2237
21757
30942
21783
20288
21433
4792
18377
5738
6808
684
11205
31729
27950
3460
13911
133
6739
26723
32018
7360
19614
17808
4272
14540
26275
25094
27053
29394
26348
24503
674
24614
4024
30884
15458
13619
20086
22174
26582
40
7935
7129
4504
25183
26263
26678
27474
29842
674
26444
28373
16828
1830
13116
5881
1232
26884
6193
18999
5405
4086
1209
21255
11644
3143
12999
506
31295
27733
21892
21912
6617
28104
22490
17399
31821
1680
30654
544
19800
416
19007
25889
21853
11116
29779
14578
32020
18979
9308
10504
24563
23980
6269
5819
6488
25443
15776
31064
14459
6544
13123
9222
1814
32427
16389
3417
3793
2130
756
29880
2415
19974
28052
367
10171
9129
21166
14227
23344
24504
5599
24217
3691
18760
18396
13749
30801
27074
15238
4596
30208
15966
24497
16920
6007
1376
27060
21559
19204
8981
7344
6418
21361
23180
14753
310
29933
22037
25638
12245
1212
15227
2064
24417
18334
18433
2988
29678
19200
12317
23249
22341
9445
16118
5800
31431
18067
29087
30270
6920
19965
2577
9163
8487
500
21994
8896
15855
25868
9448
2706
6831
2895
11044
8777
15321
7844
19214
10439
29021
15869
812
21977
28867
9028
31634
24575
29963
15363
28448
4859
68
8405
27774
17180
6894
6032
10969
10567
11537
3120
28250
29642
19737
11394
14443
6112
8312
4757
16297
12292
10746
10720
27559
29430
8679
15155
20584
3982
13274
19295
26011
31044
15972
14500
30100
