29310
21311
2338
17475
18796
3695
14968
28346
18999
5689
20220
9266
31460
17121
4024
11283
28250
7937
19316
2131
19511
23122
28529
504
31118
3028
13164
19332
29689
3151
16337
24936
15138
4972
19266
7796
30195
26486
18203
4601
11481
5021
21401
8561
10782
15988
22265
21441
32069
31266
146
6659
25936
13421
5540
5322
3211
13014
8649
27200
15043
31750
9670
17588
16356
18308
1328
12692
6039
4889
9809
13068
4856
5221
5586
26280
25438
26426
24227
15312
32608
16858
8048
13315
32751
28993
10120
6588
14798
11096
29868
4597
18541
14186
18021
22701
28660
9505
24716
20875
17347
616
12935
31448
13014
13606
1996
1413
9831
2868
11827
23935
32018
26285
6453
4226
29800
12012
18808
13147
22117
15553
19164
1658
21836
16081
23707
4807
1986
3706
11758
13269
5786
10761
3659
7284
11146
11158
15957
26883
7072
18205
27467
21436
6244
9005
12663
12680
4162
9642
24896
44
4912
23804
18559
11292
6860
27113
28015
16101
29059
3879
4326
5715
29273
26355
10328
1630
13903
13663
4521
14460
2799
5346
16223
7426
14038
17000
24728
19807
22049
14131
6404
4138
2746
23328
24806
29192
10852
14764
27519
6611
10240
29782
26940
2767
18883
27246
1383
19730
395
27899
7233
9970
5215
10777
30486
27535
21559
2556
17922
32402
20782
20555
5734
22338
21922
19006
23743
17946
8609
10551
2463
20576
9387
10645
18664
21173
15635
20759
26528
27030
15337
30548
32030
6544
25846
11977
19006
31238
15613
10390
14903
4330
8921
2336
25837
21249
5789
18296
17634
3600
4118
25474
11830
31980
5367
11283
22814
25318
16786
4617
15164
32435
18737
24977
17863
17619
17734
15804
8902
6618
5418
21188
25107
31388
18336
8169
20851
29936
27514
26777
15023
25889
2929
27301
18306
31080
25828
26807
7787
24705
26364
31649
15942
8640
5490
11401
3954
10277
19206
14409
30042
3306
8871
20654
10504
2403
3857
31183
19795
13078
7898
20076
15276
24370
28441
29453
1160
13947
28377
9436
5537
23027
8133
31448
11310
15668
26842
25285
19481
10574
26100
11576
23979
23021
6852
4148
31971
21937
12284
2396
18299
10744
5612
31154
29150
18772
18438
10703
4187
6498
11275
25144
9072
20254
30804
5849
19741
32319
31422
1056
31626
31598
12643
11274
28318
6905
1007
2975
14340
12099
5856
235
8679
6850
31951
9659
14287
11350
29439
7128
15248
2950
11580
25724
12393
24713
2339
12939
5705
14282
28635
20052
4579
5711
26121
32316
16283
3791
3701
27080
26282
22061
22763
29075
2151
25702
10880
26013
22847
25037
11932
18495
29962
7703
15577
28908
14122
21004
22399
29511
4830
28008
28730
13842
10208
15921
22654
1017
11219
113
11904
12441
24558
23769
24842
830
456
17045
7402
1196
25143
26245
17765
2268
24467
31497
20980
2678
29853
19403
13760
28099
19518
6540
26592
30205
31544
16425
7443
29693
6457
3532
6123
4176
19354
10979
24692
10796
3198
23345
9424
30246
32697
2842
11212
15068
26710
5161
19706
29766
20863
6915
10692
12217
29857
11447
30861
4669
541
25020
20409
20128
2071
17262
4902
23269
5177
19731
16056
19696
17254
4932
6187
23870
27885
24604
30501
29615
8251
23194
851
28735
31789
13536
13749
22703
4966
15382
9707
5177
22963
17164
201
26590
22333
5549
23785
30826
9242
24077
31046
16226
853
26457
24931
27560
8228
14917
21205
22870
28841
2171
6834
27944
14990
30913
947
10815
27566
7645
17524
25832
31286
7788
26455
13711
7096
10322
28420
11306
12465
22724
27273
30489
15004
13570
19937
6253
14828
32594
32661
21304
12453
24101
10597
25494
25863
25062
32328
20641
15311
12399
6725
25907
10397
13383
22346
4785
32194
7062
19783
18491
20014
21810
3802
23582
25816
20710
21801
7130
13169
7115
21047
14625
20758
19661
29511
4442
18841
4414
18595
5543
24993
13722
18055
6827
30923
11719
15200
27426
11424
25026
17352
7294
28096
11507
25248
9046
11150
7947
15005
26340
21762
10271
12927
22021
9450
9301
4177
32091
9530
21217
21199
16882
17674
26394
13699
30577
17829
11677
25997
17695
7076
27097
32708
30867
17995
1573
5224
25217
19755
1826
6600
24290
6823
4952
5027
2859
28143
4717
1243
4861
31938
24014
22352
5035
1105
1691
20935
9315
3059
19081
2447
18787
23753
26079
24287
12561
7274
4890
23550
14961
32524
18045
29642
2396
17070
24108
26193
5965
26327
28918
1009
27826
19032
9193
27366
22455
20611
28816
21135
26076
3680
2660
28321
19351
17610
18871
27257
27246
11146
3741
4950
6661
4479
28230
3298
976
2137
21764
6505
24244
18570
3752
28351
25688
5272
24378
30128
6460
32707
9767
477
3569
26297
9161
9762
11988
8163
8877
15756
24598
4344
24624
12102
15762
29332
32456
19366
14528
3387
21631
14262
26881
3782
6914
31927
32341
19144
12919
28389
10778
12224
17642
32249
17695
19375
27955
26444
31710
30631
14901
7570
13302
30845
6169
13993
28601
32190
2990
31444
12770
16342
10426
3896
20798
30542
19826
21169
5446
26644
14682
29727
20382
24855
28785
13776
17778
30168
134
9307
6026
1217
18694
29739
20901
32420
23993
26437
182
24435
15071
15529
6458
28921
14021
1781
31251
9554
23363
24461
23087
1855
28976
20602
7165
21496
32149
5299
4399
31016
23652
1894
596
10568
27027
1982
4068
28558
29189
21845
32564
22934
16112
12336
21926
12228
4471
26761
11350
26881
4197
9903
1801
6
21861
3544
2577
2941
27304
24277
8439
32589
24744
28178
13594
2688
6448
30337
11940
22622
8801
24905
18652
5896
25321
23457
30891
24197
13686
8092
27480
12961
3470
16304
3233
29676
22531
27297
12706
15423
31507
19985
4269
32080
12476
24747
17442
13416
27108
18251
20614
18459
6028
2664
26740
24485
29618
21729
12813
10201
13783
24739
14658
25790
21358
31301
29511
22671
14244
11724
25369
17333
17319
11973
11550
17580
10946
28111
23295
24562
12666
30039
25106
13819
14151
24612
11481
5282
26924
32069
4986
29835
585
20967
13785
27410
12819
12299
19537
32579
14176
22717
12851
31769
3805
29951
20911
26366
26322
9598
17838
21265
16642
6275
5952
15354
16834
30345
19339
28225
19146
19842
18849
3205
9110
10663
20990
16192
14644
17038
13843
14213
14695
15350
27947
16476
1676
